% (lat/lon/height=WGS84/ellipsoidal,Q=1:fix,2:float,3:sbas,4:dgps,5:single,6:ppp,ns=# of satellites)
%  GPST          latitude(deg) longitude(deg)  height(m)   Q  ns   sdn(m)   sde(m)   sdu(m)  sdne(m)  sdeu(m)  sdun(m) age(s)  ratio
2428 185696.000   54.987574674   82.864609278   114.2213   2  17  33.2919  16.5151  25.2496 -19.9772  -6.9215  24.0235   0.00    0.0
2428 185697.000   54.987560648   82.864623468   113.9112   2  16  33.8823  17.1970  25.1958 -20.7532  -7.0216  23.9964   0.00    0.0
2428 185698.000   54.987535439   82.864647524   113.2445   2  15  33.0011  17.0188  25.0083 -20.2153  -6.0160  23.4132   0.00    0.0
2428 185699.000   54.987534687   82.864649550   113.2934   2  17  33.4500  16.1038  25.4223 -19.7712  -7.7491  24.5382   0.00    0.0
2428 185700.000   54.987547052   82.864636609   113.5616   2  17  35.4310  19.1842  24.6900 -22.9125  -5.5058  23.0100   0.00    0.0
2428 185701.000   54.987610966   82.864646175   122.3558   2  12  52.1333  17.9454  57.3362 -14.9568  14.7215  51.1836   0.00    0.0
2428 185702.000   54.987571458   82.864629621   115.8414   2  15  17.1890   3.5335  13.4513  -4.2861  -4.5866  13.8020   0.00    0.0
2428 185703.000   54.987571043   82.864629847   115.8342   2  16  17.1732   3.5328  13.4410  -4.2813  -4.5827  13.7879   0.00    0.0
2428 185704.000   54.987572195   82.864629707   115.9067   2  14  17.1558   3.5321  13.4300  -4.2761  -4.5785  13.7725   0.00    0.0
2428 185705.000   54.987571298   82.864629819   115.8131   2  16  17.1413   3.5313  13.4202  -4.2715  -4.5748  13.7593   0.00    0.0
2428 185706.000   54.987571230   82.864629971   115.8203   2  16  17.1255   3.5306  13.4101  -4.2667  -4.5709  13.7453   0.00    0.0
2428 185707.000   54.987573192   82.864629754   115.9632   2  15  17.1116   3.5299  13.4007  -4.2624  -4.5673  13.7326   0.00    0.0
2428 185708.000   54.987570237   82.864630158   115.7391   2  16  17.0951   3.5292  13.3902  -4.2575  -4.5633  13.7180   0.00    0.0
2428 185709.000   54.987572379   82.864630032   115.9179   2  17  17.0767   3.5284  13.3786  -4.2519  -4.5590  13.7018   0.00    0.0
2428 185710.000   54.987568912   82.864630359   115.6228   2  17  17.0603   3.5277  13.3685  -4.2470  -4.5551  13.6874   0.00    0.0
2428 185711.000   54.987508468   82.864638119   111.4824   2  17  57.4721   5.2674  36.4958 -15.2557 -12.3932  45.2889   0.00    0.0
2428 185712.000   54.987513534   82.864637584   111.8467   2  15  56.6344   5.2093  35.9725 -15.0025 -12.1971  44.6192   0.00    0.0
2428 185713.000   54.987547197   82.864633250   114.1313   2  16  54.1222   5.0821  34.4587 -14.3521 -11.7024  42.6454   0.00    0.0
2428 185714.000   54.987553434   82.864632641   114.5607   2  16  54.2296   5.0651  34.4633 -14.3252 -11.6714  42.6906   0.00    0.0
2428 185715.000   54.987540320   82.864634285   113.6649   2  17  53.0825   5.0178  33.7541 -14.0531 -11.4615  41.7769   0.00    0.0
2428 185716.000   54.987572744   82.864630404   115.8921   2  17  52.0544   4.9609  33.1411 -13.7720 -11.2491  40.9723   0.00    0.0
2428 185717.000   54.987561999   82.864631787   115.1529   2  19  47.4230   4.7218  30.2902 -12.5306 -10.2991  37.2834   0.00    0.0
2428 185718.000   54.987551385   82.864633198   114.4394   2  18  50.5977   4.8728  32.1829 -13.3525 -10.9170  39.7729   0.00    0.0
2428 185719.000   54.987589645   82.864628505   117.0586   2  16  57.1901   5.2004  36.2096 -15.0595 -12.2221  44.9919   0.00    0.0
2428 185720.000   54.987589788   82.864628524   117.0585   2  17  54.5850   5.0793  34.6197 -14.4110 -11.7253  42.9323   0.00    0.0
2428 185721.000   54.987549446   82.864633598   114.2908   2  17  56.3794   5.1520  35.6761 -14.8327 -12.0414  44.3259   0.00    0.0
2428 185722.000   54.987503315   82.864639490   111.1321   2  16  60.6046   5.3749  38.2623 -15.9406 -12.8919  47.6679   0.00    0.0
2428 185723.000   54.987559193   82.864632521   114.9499   2  18  47.8239   4.7087  30.4347 -12.5538 -10.2987  37.5359   0.00    0.0
2428 185724.000   54.987571342   82.864631005   115.7796   2  17  54.7952   5.0828  34.7097 -14.4498 -11.7475  43.0735   0.00    0.0
2428 185725.000   54.987569867   82.864631219   115.6793   2  18  45.4126   4.6052  29.0051 -11.9518  -9.8480  35.6472   0.00    0.0
2428 185726.000   54.987598697   82.864627776   117.6418   2  17  51.5352   4.9109  32.7332 -13.5802 -11.0848  40.5014   0.00    0.0
2428 185727.000   54.987603216   82.864627294   117.9558   2  18  49.6669   4.8259  31.5714 -13.1104 -10.7225  39.0063   0.00    0.0
2428 185728.000   54.987620147   82.864625274   119.1033   2  16  52.6602   4.9500  33.3882 -13.8322 -11.2716  41.3717   0.00    0.0
2428 185729.000   54.987628050   82.864624330   119.6516   2  16  51.6009   4.8933  32.7344 -13.5459 -11.0516  40.5279   0.00    0.0
2428 185730.000   54.987615372   82.864625788   118.7660   2  16  52.9863   4.9727  33.5787 -13.9341 -11.3473  41.6243   0.00    0.0
2428 185731.000   54.987591315   82.864628927   117.1171   2  15  58.2396   5.2119  36.7274 -15.2343 -12.3329  45.7410   0.00    0.0
2428 185732.000   54.987595483   82.864628471   117.4126   2  16  51.6376   4.8931  32.7268 -13.5516 -11.0501  40.5373   0.00    0.0
2428 185733.000   54.987576132   82.864630867   116.0736   2  17  51.8237   4.9002  32.8339 -13.5952 -11.0821  40.6805   0.00    0.0
2428 185734.000   54.987553417   82.864633726   114.5081   2  15  54.6433   5.0398  34.5292 -14.3273 -11.6369  42.8959   0.00    0.0
2428 185735.000   54.987558120   82.864633239   114.8636   2  17  48.4165   4.7274  30.7738 -12.6892 -10.3946  37.9914   0.00    0.0
2428 185736.000   54.987523040   82.864637612   112.4213   2  17  48.8806   4.7471  31.0295 -12.8040 -10.4770  38.3416   0.00    0.0
2428 185737.000   54.987583010   82.864630311   116.5408   2  17  50.0885   4.8143  31.7637 -13.1424 -10.7337  39.2978   0.00    0.0
2428 185738.000   54.987575772   82.864631343   116.0392   2  16  54.7957   5.0461  34.6174 -14.3652 -11.6641  43.0134   0.00    0.0
2428 185739.000   54.987550401   82.864634517   114.3110   2  18  49.2628   4.7670  31.2097 -12.9089 -10.5469  38.6099   0.00    0.0
2428 185740.000   54.987490555   82.864641846   110.2028   2  16  57.6284   5.2095  36.2803 -15.1488 -12.2521  45.2097   0.00    0.0
2428 185741.000   54.987498740   82.864640931   110.8239   2  18  51.1231   4.8937  32.3074 -13.4874 -10.9800  40.0603   0.00    0.0
2428 185742.000   54.987522539   82.864639179   112.3432   2  17  43.7013   4.5317  27.8740 -11.5293  -9.5074  34.2273   0.00    0.0
2428 185743.000   54.987472628   82.864645195   108.9663   2  15  39.8882   4.4226  25.6549 -10.7117  -8.9048  31.2557   0.00    0.0
2428 185744.000   54.987439033   82.864649310   106.6624   2  16  22.8220   3.9052  16.6980  -6.8138  -6.2236  18.4247   0.00    0.0
2428 185745.000   54.987440091   82.864649114   106.7543   2  17  22.8020   3.9039  16.6843  -6.8076  -6.2182  18.4071   0.00    0.0
2428 185746.000   54.987439584   82.864649351   106.5993   2  17  22.7794   3.9025  16.6683  -6.8006  -6.2121  18.3868   0.00    0.0
2428 185747.000   54.987430823   82.864650730   105.7162   2  16  50.6247   6.1840  48.5146 -16.2262 -16.0387  49.0158   0.00    0.0
2428 185748.000   54.987393911   82.864657384   101.8589   2  16  49.4852   6.0569  47.4108 -15.8070 -15.6309  47.8814   0.00    0.0
2428 185749.000   54.987489212   82.864640407   111.8570   2  15  21.6885   4.0824  21.9616  -7.1305  -7.5034  20.5847   0.00    0.0
2428 185750.000   54.987490520   82.864640316   112.0246   2  15  21.6905   4.0818  21.9652  -7.1299  -7.5023  20.5878   0.00    0.0
2428 185751.000   54.987457762   82.864687213   112.6755   2  17  40.7914  32.4892  24.4923 -34.2110  17.9118   1.2404   0.00    0.0
2428 185752.000   54.987464823   82.864676068   112.3677   2  18  36.4636  27.3360  23.5373 -29.0937  13.5709  12.4342   0.00    0.0
2428 185753.000   54.987464203   82.864677136   112.4076   2  12  35.7596  25.5532  23.0034 -27.7296  10.8663  15.0198   0.00    0.0
2428 185754.000   54.987467685   82.864672416   112.3919   2  16  28.7421  18.4748  22.7953 -19.8312   7.8509  17.1450   0.00    0.0
2428 185755.000   54.987523291   82.864641996   116.2483   2  16  52.8533  19.4014  54.5244 -19.8211  10.7013  49.5535   0.00    0.0
2428 185756.000   54.987571267   82.864604697   130.8177   2  17  58.5145  20.8679  63.0521 -18.2012   9.7822  55.5308   0.00    0.0
2428 185757.000   54.987619120   82.864607010   136.9195   2  17  59.9647  22.5200  63.0602 -21.1083   7.2572  56.0366   0.00    0.0
2428 185758.000   54.987624958   82.864547906   131.8046   2  18  68.0056  23.1670  69.6683 -23.9496  -7.2883  63.9342   0.00    0.0
2428 185759.000   54.987615304   82.864526957   128.5666   2  17  60.6792  22.3107  63.9313 -20.4450   7.9704  57.0537   0.00    0.0
2428 185760.000   54.987578670   82.864450633   116.5678   2  17  62.2139  22.4084  65.4646 -21.2252   5.7561  58.7057   0.00    0.0
2428 185761.000   54.987501484   82.864493015   111.2956   2  14  84.5456  21.9422  86.2002 -25.0212 -13.8139  81.8499   0.00    0.0
2428 185762.000   54.987574890   82.864500180   121.0318   2  16  75.3052  22.5917  75.7619 -26.3537 -15.2178  71.4246   0.00    0.0
2428 185763.000   54.987561510   82.864520132   121.3047   2  17  66.7746  22.5087  68.1719 -23.9524 -10.2817  62.8026   0.00    0.0
2428 185764.000   54.987633387   82.864502709   128.4224   2  17  63.8540  21.5731  65.8029 -22.2125  -8.7573  60.2398   0.00    0.0
2428 185765.000   54.987634253   82.864527887   130.9696   2  16  60.8584  21.1394  62.8641 -21.2277  -7.8985  57.2489   0.00    0.0
2428 185766.000   54.987668257   82.864524521   134.8052   2  18  57.8771  21.2188  60.0950 -20.6294  -5.2892  54.0568   0.00    0.0
2428 185767.000   54.987699172   82.864568537   142.8834   2  18  59.1241  21.0406  61.8037 -20.2121  -3.8833  55.6536   0.00    0.0
2428 185768.000   54.987639034   82.864569115   142.3516   2  17  64.2213  33.3381  80.8359  -8.9298 -36.1915  53.7964   0.00    0.0
2428 185769.000   54.987665249   82.864545328   140.9727   2  14  73.5905  37.5233  90.5029  13.6249 -40.2760  58.3082   0.00    0.0
2428 185770.000   54.987615967   82.864514942   123.2970   2  15  75.7908  39.3969  89.2835  11.3497 -39.4501  62.8436   0.00    0.0
2428 185771.000   54.987632053   82.864562165   124.9898   2  18  56.3391  30.4800  72.6405  -4.0395 -31.2049  45.1709   0.00    0.0
2428 185772.000   54.987632030   82.864578665   114.9099   2  17  52.8737  28.7138  66.8396   7.4224 -26.6486  40.7265   0.00    0.0
2428 185773.000   54.987623378   82.864590493   125.0556   2  18  50.2062  27.7463  65.6312   9.4447 -26.5959  37.9348   0.00    0.0
2428 185774.000   54.987604255   82.864591913   121.1370   2  17  52.2321  26.3454  64.1459  12.5898 -24.2221  39.9634   0.00    0.0
2428 185775.000   54.987582606   82.864621578   121.6495   2  17  52.4613  27.0246  63.9981  12.2603 -24.3468  40.3309   0.00    0.0
2428 185776.000   54.987619752   82.864658698   123.1135   2  17  51.9769  18.8896  56.8179 -14.4548   7.0926  49.4758   0.00    0.0
2428 185777.000   54.987606219   82.864656851   121.2235   2  16  57.3998  19.0890  61.1862 -15.9435   3.6625  54.7601   0.00    0.0
2428 185778.000   54.987606231   82.864657805   121.3342   2  17  51.5493  18.4167  56.5630 -13.3371   7.9804  49.2019   0.00    0.0
2428 185779.000   54.987559103   82.864652451   115.0503   2  15  68.0817  19.3634  71.2477 -18.8422  -9.0771  65.8184   0.00    0.0
2428 185780.000   54.987573194   82.864617715   113.3240   2  17  51.2949  18.3967  55.6079 -14.1090   6.4982  48.5254   0.00    0.0
2428 185781.000   54.987512247   82.864595316   103.6447   2  17  50.7143  18.6698  54.7107 -14.6694   5.8267  47.6956   0.00    0.0
2428 185782.000   54.987499859   82.864605573   103.1519   2  17  50.6327  18.7447  55.3325 -14.0296   8.2932  47.7941   0.00    0.0
2428 185783.000   54.987513187   82.864615302   106.7495   2  16  59.9756  26.0480  82.6715  -6.9390 -25.6011  52.7229   0.00    0.0
2428 185784.000   54.987549127   82.864613584   116.8431   2  15  63.1575  27.7937  84.5742  -9.9872 -31.3693  55.1598   0.00    0.0
2428 185785.000   54.987548836   82.864585461   129.7561   2  15  42.8876  30.5303  80.4061  -5.7187 -38.9771  34.5661   0.00    0.0
2428 185786.000   54.987567362   82.864586739   133.8684   2  15  38.0261  28.9383  73.4378   5.0498 -34.9476  26.6132   0.00    0.0
2428 185787.000   54.987599087   82.864614870   120.0160   2  15  25.3749  20.8622  67.4154 -19.9400 -27.8692  28.0799   0.00    0.0
2428 185788.000   54.987603082   82.864608468   121.6422   2  16  25.7791  21.0383  67.4367 -20.2666 -28.2453  28.5764   0.00    0.0
2428 185789.000   54.987606596   82.864603808   116.2439   2  15  29.9301  24.3505  77.6796 -24.4605 -34.9483  36.8851   0.00    0.0
2428 185790.000   54.987616195   82.864590815   119.0245   2  16  32.9960  26.7040  93.5761 -27.4066 -39.3467  41.6706   0.00    0.0
2428 185791.000   54.987628957   82.864568724   131.7048   2  14  32.9537  27.2251  97.0020 -27.6698 -41.2237  43.0050   0.00    0.0
2428 185792.000   54.987635696   82.864557621   135.8937   2  17  23.9175  20.2034  70.0218 -18.7154 -26.7212  25.4860   0.00    0.0
2428 185793.000   54.987625789   82.864572083   136.0843   2  16  22.5485  18.5917  62.3567 -16.9414 -24.5869  23.8487   0.00    0.0
2428 185794.000   54.987597547   82.864612708   134.1302   2  14  27.4824  21.8376  75.9597 -21.6936 -33.8006  35.9947   0.00    0.0
2428 185795.000   54.987604164   82.864597409   150.7477   2  14  34.4101  26.9261 100.2516 -28.2855 -42.6357  46.4166   0.00    0.0
2428 185796.000   54.987683814   82.864609721   147.3523   2  15  57.8962  26.8416 102.4555 -11.2242 -35.1915  56.0379   0.00    0.0
2428 185797.000   54.987663061   82.864628989   147.1420   2  14  79.9434  31.9856  92.0465   7.3524 -34.9479  70.0392   0.00    0.0
2428 185798.000   54.987713388   82.864561554   157.3382   2  15  64.7928  32.6082  83.2009   8.6070 -36.1643  55.5908   0.00    0.0
2428 185799.000   54.987708104   82.864587518   134.5078   2  16  64.4676  31.2534  76.0771  17.5331 -31.4805  50.3372   0.00    0.0
2428 185800.000   54.987681508   82.864601699   117.0832   2  16  69.3326  33.9889  83.2628  20.9558 -36.1979  53.7726   0.00    0.0
2428 185801.000   54.987523985   82.864612762   101.9503   2  16  78.7282  31.2078  89.1547  12.3467 -35.2265  66.7465   0.00    0.0
2428 185802.000   54.987623627   82.864592166   119.1024   2  16  70.8332  32.5058  82.8367  17.3316 -34.4106  57.1047   0.00    0.0
2428 185803.000   54.987667293   82.864625568   116.7582   2  15  78.2792  33.3550  85.4397  23.0671 -32.8365  62.4966   0.00    0.0
2428 185804.000   54.987514187   82.864603041   106.8251   2  16  79.1104  33.3136  88.7389  18.0745 -36.1241  64.8017   0.00    0.0
2428 185805.000   54.987515752   82.864610047   101.5307   2  17  71.4233  33.2417  84.2027  16.1833 -36.8309  56.9639   0.00    0.0
2428 185806.000   54.987609278   82.864602295   119.5909   2  17  68.8374  34.1494  82.6494  20.0088 -36.9983  52.6332   0.00    0.0
2428 185807.000   54.987533354   82.864594224   114.8444   2  17  73.6559  34.1802  85.1560  19.6110 -36.6839  58.2243   0.00    0.0
2428 185808.000   54.987572607   82.864584936   120.4627   2  17  71.4109  35.0954  84.7280  21.0099 -37.8661  54.9914   0.00    0.0
2428 185809.000   54.987614452   82.864595407   110.2010   2  12  95.5757  45.1978 113.1737  24.4328 -52.3441  80.0435   0.00    0.0
2428 185810.000   54.987480374   82.864569872   107.2368   2  11 113.8006  41.5522 128.6499  23.6421 -48.5154 101.1742   0.00    0.0
2428 185811.000   54.987534076   82.864622087   103.0295   2  17  72.5620  37.7538  92.5523  17.9134 -43.1316  56.9931   0.00    0.0
2428 185812.000   54.987612910   82.864604215   102.3225   2  19  59.6392  33.0910  83.1911  13.0629 -37.8617  47.0547   0.00    0.0
2428 185813.000   54.987465800   82.864588952    89.7080   2  11  93.1691  43.7562 116.0380  27.2866 -50.2870  77.6847   0.00    0.0
2428 185814.000   54.987568583   82.864628829    98.9412   2  17  71.6174  39.1128  98.2536  18.0377 -45.1285  56.3265   0.00    0.0
2428 185815.000   54.987539295   82.864615334    79.7874   2  17  71.0415  35.3542  93.9680  18.4556 -40.3081  55.8249   0.00    0.0
2428 185816.000   54.987555660   82.864632720    63.5819   2  16  79.1651  36.3894 105.8496  18.3783 -41.7141  65.4109   0.00    0.0
2428 185817.000   54.987573495   82.864670871    76.5333   2  17  71.1594  34.9911 102.0668   8.5963 -42.3760  59.5107   0.00    0.0
2428 185818.000   54.987543171   82.864623523    89.1401   2  17  71.5385  33.4946  97.7007  15.5555 -37.2549  56.4627   0.00    0.0
2428 185819.000   54.987540454   82.864662423    90.4308   2  14  85.1034  34.7617 116.4470  12.8727 -41.3705  74.7574   0.00    0.0
2428 185820.000   54.987522742   82.864638473    96.7976   2  16  77.7264  33.5424 107.5844  12.7955 -38.4454  65.8798   0.00    0.0
2428 185821.000   54.987661358   82.864646751   112.6426   2  18  61.5949  33.6831  91.9076  15.8415 -37.4735  43.4356   0.00    0.0
2428 185822.000   54.987514746   82.864651742    98.8194   2  16  77.3386  32.3375 102.4666  12.7658 -37.2388  64.5313   0.00    0.0
2428 185823.000   54.987508376   82.864611901   105.1750   2  17  67.0777  38.8297  99.7845  13.1916 -43.3533  52.7461   0.00    0.0
2428 185824.000   54.987643101   82.864620353   123.0483   2  16  66.9232  33.3761  96.6446  15.8273 -35.9507  50.7507   0.00    0.0
2428 185825.000   54.987606603   82.864644588   113.7113   2  15  60.9210  38.6482 123.7405  20.4871 -35.8535  33.5876   0.00    0.0
2428 185826.000   54.987569856   82.864625589   103.2105   2  17  59.3092  31.5363  92.4959  12.3545 -34.8168  44.8011   0.00    0.0
2428 185827.000   54.987538882   82.864619195   100.8071   2  17  62.4936  30.2286  93.8920  10.7857 -33.3203  50.5054   0.00    0.0
2428 185828.000   54.987562907   82.864615643   107.5387   2  17  61.3478  31.1913  94.4861  12.8179 -34.9237  47.7920   0.00    0.0
2428 185829.000   54.987598082   82.864609418   103.2384   2  16  67.4995  30.1524  96.6412  13.2186 -32.6819  55.7508   0.00    0.0
2428 185830.000   54.987609471   82.864604391   102.6514   2  19  54.7053  30.5893  88.0419   9.9550 -33.6979  38.9767   0.00    0.0
2428 185831.000   54.987580778   82.864616503    96.4589   2  18  60.1436  29.5649  87.1415   9.2626 -30.7351  46.1940   0.00    0.0
2428 185832.000   54.987404742   82.864633148    80.5266   2  16  73.2197  30.0527 104.9145  -8.7497 -35.4181  66.8103   0.00    0.0
2428 185833.000   54.987546933   82.864597325    96.4301   2  17  61.7646  29.6351  86.6382   5.8599 -32.0564  51.0205   0.00    0.0
2428 185834.000   54.987612069   82.864608796   107.8790   2  15  61.9675  29.8766 111.9590   8.2186 -24.9877  47.3175   0.00    0.0
2428 185835.000   54.987572160   82.864606189    98.9759   2  16  57.2385  29.0396 106.2582   5.5185 -23.2338  40.3811   0.00    0.0
2428 185836.000   54.987612790   82.864595701   117.3357   2  17  55.5673  29.1229  83.2653   3.5897 -30.8711  45.4941   0.00    0.0
2428 185837.000   54.987476395   82.864597536   106.8178   2  15  78.2844  30.8441 102.4732 -10.7550 -36.2239  71.3655   0.00    0.0
2428 185838.000   54.987590413   82.864581127   120.8880   2  18  52.5631  32.5531  84.7350  13.7267 -35.8862  36.3256   0.00    0.0
2428 185839.000   54.987485493   82.864567537   122.0202   2  15  79.5844  32.2350 107.9961 -14.2867 -37.3057  74.2946   0.00    0.0
2428 185840.000   54.987480516   82.864606916   112.9906   2  17  71.6053  31.5703  96.8932 -15.6579 -35.6878  65.1717   0.00    0.0
2428 185840.999   54.987469319   82.864607956   114.9967   2  16  73.9462  32.4030 103.9854 -11.1850 -37.4839  67.1494   0.00    0.0
2428 185841.999   54.987448901   82.864601191   108.9194   2  15  77.4677  29.5597 101.0799 -10.3349 -32.5804  72.1661   0.00    0.0
2428 185842.999   54.987604417   82.864588705   133.6893   2  10  77.7637  38.4552 127.4474 -28.2816 -55.1284  82.7654   0.00    0.0
2428 185843.999   54.987494308   82.864630669   109.0575   2  15  69.2546  28.0238  89.2237 -13.5570 -30.7307  63.0532   0.00    0.0
2428 185844.999   54.987580200   82.864578718   116.0976   2  17  59.5753  30.0353  89.8003  -5.5662 -32.2167  51.1531   0.00    0.0
2428 185845.999   54.987497132   82.864568521   110.5836   2  17  63.9205  30.8690  88.7355  -4.4566 -34.0245  55.1955   0.00    0.0
2428 185846.999   54.987504530   82.864603353   107.3225   2  17  65.6907  30.1918  92.6359  -9.3776 -32.8522  59.1132   0.00    0.0
2428 185847.999   54.987565246   82.864582652   123.6752   2  17  63.3256  30.8335  87.3469  11.2510 -32.7550  52.7405   0.00    0.0
2428 185848.999   54.987577571   82.864594200   116.7688   2  17  63.4844  29.3246  86.7862   4.0181 -31.0896  55.2191   0.00    0.0
2428 185849.999   54.987537137   82.864608820   106.9267   2  16  75.7720  29.8291  91.3712  -8.0672 -31.9644  67.1827   0.00    0.0
2428 185850.999   54.987431126   82.864589324   109.2845   2  16  74.4507  30.4375  91.6755  -9.1359 -33.1362  66.1401   0.00    0.0
2428 185851.999   54.987504529   82.864587396   110.8880   2  18  62.9074  29.3298  85.8669  -4.4464 -31.5925  54.2483   0.00    0.0
2428 185852.999   54.987445119   82.864580853   110.0405   2  15  82.0270  28.5793  98.8993  -9.9635 -31.1134  75.4183   0.00    0.0
2428 185853.999   54.987479454   82.864533127   120.7495   2  15  76.9876  30.0238  96.1842  -4.1015 -29.8199  69.1520   0.00    0.0
2428 185854.999   54.987495516   82.864541748   122.1855   2  16  67.1768  30.1548  88.9402 -10.8907 -29.4628  59.8602   0.00    0.0
2428 185855.999   54.987467804   82.864549309   118.8869   2  14  84.5843  29.6346  99.9026  -8.9000 -30.0645  77.8876   0.00    0.0
2428 185856.999   54.987456964   82.864569281   116.8840   2  15  74.8994  28.5187  91.7041   7.6508 -27.9900  67.0520   0.00    0.0
2428 185857.999   54.987470875   82.864537589   125.7891   2  14  73.8420  31.8177 100.6525 -10.8656 -38.5503  67.7853   0.00    0.0
2428 185858.999   54.987506675   82.864557832   126.1031   2  14  71.1409  31.2707 102.1390   9.2402 -37.3887  64.0721   0.00    0.0
2428 185859.999   54.987484093   82.864616048   110.0727   2  15  73.6965  29.2138  92.9667   5.5661 -31.7202  66.5487   0.00    0.0
2428 185860.999   54.987511513   82.864619764   113.3124   2  17  61.4347  29.5013  83.1564  10.4118 -31.2757  51.7170   0.00    0.0
2428 185861.999   54.987507185   82.864608325   117.7905   2  15  73.3522  28.7663  92.7235   9.8385 -30.9109  65.9602   0.00    0.0
2428 185862.999   54.987480188   82.864609758   105.6464   2  12 101.0774  30.7832 162.3407  17.1631 -24.2687 105.2844   0.00    0.0
2428 185863.999   54.987501832   82.864610030   121.2180   2  14 106.9294  30.5357 119.7437 -10.9935 -35.5007 100.5082   0.00    0.0
2428 185864.999   54.987464398   82.864618609    98.3349   2  16  64.4875  29.4667 122.2579  -9.9447 -29.3752  55.4182   0.00    0.0
2428 185865.999   54.987456809   82.864635775    90.5831   2  14  83.7260  26.1533 136.0445 -10.0880 -35.3887  81.1497   0.00    0.0
2428 185866.999   54.987438915   82.864603636   104.3208   2  16  74.9850  26.0768  95.1896 -15.1505 -34.5191  69.9012   0.00    0.0
2428 185867.999   54.987417964   82.864584668   103.4692   2  16  69.8972  26.5951  93.1327 -14.1829 -35.4178  64.6627   0.00    0.0
2428 185868.999   54.987427688   82.864580365   103.2649   2  15  77.2770  26.3288  97.5706 -12.1649 -34.1808  70.9951   0.00    0.0
2428 185869.999   54.987398269   82.864581690    94.6815   2  15  84.2676  27.6233 104.9001 -14.1603 -36.2596  78.7607   0.00    0.0
2428 185870.999   54.987420541   82.864591982    93.8917   2  16  80.1144  26.8776 106.8674 -16.2824 -36.8144  76.8992   0.00    0.0
2428 185871.999   54.987468435   82.864597460   106.0304   2  14  91.9190  24.0095 110.7621 -18.8878 -34.4698  89.0949   0.00    0.0
2428 185872.999   54.987463232   82.864600057   109.6946   2  17  61.9288  23.9236  89.4248 -11.3794 -32.1102  56.2172   0.00    0.0
2428 185873.999   54.987465640   82.864608682   105.6819   2  16  71.2524  26.5439  95.6532  -4.8122 -33.9865  63.2075   0.00    0.0
2428 185874.999   54.987446662   82.864636400    94.3362   2  16  75.9656  26.9042  96.8695 -11.3220 -34.8866  68.5621   0.00    0.0
2428 185875.999   54.987504570   82.864649339    99.2799   2  18  59.3990  26.7405  90.6939 -10.1638 -35.0400  52.4090   0.00    0.0
2428 185876.999   54.987479196   82.864645697   101.8718   2  16  74.7553  26.6012 103.8644 -15.1967 -37.4009  70.7083   0.00    0.0
2428 185877.999   54.987494664   82.864657022    98.9529   2  16  74.3222  25.4308  98.1154  -7.2203 -32.7634  67.7228   0.00    0.0
2428 185878.999   54.987510397   82.864622624   109.6950   2  14  77.5638  30.4738 122.2217 -22.3012 -45.7069  79.0521   0.00    0.0
2428 185879.999   54.987557272   82.864640924   102.6363   2  17  64.6914  28.4904  98.2718 -10.5386 -37.5508  58.2271   0.00    0.0
2428 185880.999   54.987519340   82.864587701   109.1247   2  15  81.7246  26.6859 109.0071  -7.2189 -37.1913  74.9518   0.00    0.0
2428 185881.999   54.987515843   82.864634921    88.8925   2  16  72.4216  26.0398  98.7789  -4.0299 -34.5645  63.9992   0.00    0.0
2428 185882.999   54.987528196   82.864633674    87.1849   2  16  64.2267  25.1277  97.8960 -10.6828 -35.7571  58.8956   0.00    0.0
2428 185883.999   54.987483128   82.864591130    94.9122   2  17  60.8639  24.8755  95.9437  -7.8800 -34.9880  53.2988   0.00    0.0
2428 185884.999   54.987481034   82.864600661    91.3970   2  17  61.4969  25.0812  96.7345  -3.8125 -35.3955  53.3238   0.00    0.0
2428 185885.999   54.987427389   82.864631519    81.3237   2  16  65.1501  25.5488  99.9658   5.2018 -35.9490  54.3283   0.00    0.0
2428 185886.999   54.987558398   82.864592606   102.9116   2  16  62.8043  26.1050  96.7701  14.4710 -35.3789  47.4084   0.00    0.0
2428 185887.999   54.987579732   82.864665318    75.0313   2  19  55.2640  24.8026  89.8526   9.1657 -33.0457  41.3332   0.00    0.0
2428 185888.999   54.987602578   82.864682106    82.2969   2  15  72.4184  26.6070  99.6302   9.9677 -36.5478  61.2084   0.00    0.0
2428 185889.999   54.987567283   82.864664742    84.8562   2  19  62.0053  22.3345  93.0675   4.4361 -33.3474  51.3996   0.00    0.0
2428 185890.999   54.987618585   82.864665102    81.1435   2  18  44.3959  21.7637  71.5640   9.6876 -26.7768  28.3962   0.00    0.0
2428 185891.999   54.987520291   82.864626085    87.1138   2  18  55.5911  20.8730  81.0901 -11.6344 -29.1374  49.3665   0.00    0.0
2428 185892.999   54.987557511   82.864591094   109.2734   2  18  42.2007  21.8769  88.9719   4.5687 -35.3497  29.8934   0.00    0.0
2428 185893.999   54.987500530   82.864581554   109.7927   2  18  51.4574  19.8696  79.0330  -7.7966 -29.0830  44.4124   0.00    0.0
2428 185894.999   54.987519537   82.864601053   109.3455   2  15  51.9276  17.7465 100.2849  -2.2637 -40.0860  34.7630   0.00    0.0
2428 185895.999   54.987511082   82.864486182   150.9612   2  20  46.0997  12.8508  69.6865  -8.7675 -27.0373  37.4021   0.00    0.0
2428 185896.999   54.987446222   82.864581863   112.9497   2  13  57.9346  16.8982  98.2282  -8.3271 -38.3711  43.7679   0.00    0.0
2428 185897.999   54.987419690   82.864514823   136.2674   2  17  50.8608  13.1264  74.5552 -11.9747 -28.4016  44.2835   0.00    0.0
2428 185898.999   54.987386413   82.864491125   143.5066   2  16  55.6924  13.4652  78.4274 -13.3267 -29.5539  49.1059   0.00    0.0
2428 185899.999   54.987497798   82.864484273   151.4701   2  18  44.6437  13.4122  73.9647  -9.3896 -28.7798  37.6390   0.00    0.0
2428 185900.999   54.987477347   82.864498280   154.8663   2  16  43.0109  21.6012  83.2953 -12.3375 -32.4025  39.0141   0.00    0.0
2428 185901.999   54.987533543   82.864505252   154.8491   2  12  50.6853  25.1846  90.5730 -15.6282 -32.9040  50.2216   0.00    0.0
2428 185902.999   54.987413404   82.864633641   114.3037   2  16  43.9463  22.4871  82.4196 -15.5197 -27.6113  43.8250   0.00    0.0
2428 185903.999   54.987551331   82.864550831   141.9040   2  17  39.4552  26.4294  82.8706 -12.0065 -26.7447  28.7437   0.00    0.0
2428 185904.999   54.987482192   82.864591346   124.7085   2  14  44.1119  28.1263 133.3465 -13.0569 -32.3390 -11.0272   0.00    0.0
2428 185905.999   54.987490843   82.864563954   126.9303   2  17  39.9634  27.3750  99.7026 -10.4075 -30.1633  18.3291   0.00    0.0
2428 185906.999   54.987390250   82.864593573   114.9109   2  16  45.3778  30.0399  90.5949 -19.5989 -25.5647  41.1121   0.00    0.0
2428 185907.999   54.987473551   82.864581315   120.2214   2  20  36.0809  26.5987  74.0207 -16.7640 -18.7104  28.8592   0.00    0.0
2428 185908.999   54.987453303   82.864633064   103.2672   2  20  32.8959  22.3021  63.4006 -15.8623 -20.8661  30.0569   0.00    0.0
2428 185909.999   54.987505549   82.864539002   111.5095   2  17  34.9884  26.5672  67.5004 -16.1469 -23.5500  31.7700   0.00    0.0
2428 185910.999   54.987484341   82.864484445   107.3841   2  21  38.9618  27.9066  79.2458 -19.0105 -26.0704  33.3360   0.00    0.0
2428 185911.999   54.987478646   82.864378363   101.5297   2  19  36.9938  26.7230  72.5740 -17.3574 -27.2973  31.6560   0.00    0.0
2428 185912.999   54.987429026   82.864308438    87.8153   2  17  45.7049  27.5159  85.2192 -22.8915 -31.1994  46.3189   0.00    0.0
2428 185913.999   54.987446741   82.864118700    80.2356   2  19  47.6416  31.1751  91.6202 -22.7135 -35.1024  45.1047   0.00    0.0
2428 185914.999   54.987487830   82.863931349    71.7735   2  18  44.6658  26.7958  73.0631 -21.8703 -28.4281  43.1392   0.00    0.0
2428 185915.999   54.987471962   82.863782392    69.9862   2  19  35.5429  23.0228  63.7482 -17.5351 -23.0313  31.3810   0.00    0.0
2428 185916.999   54.987461356   82.863625705    74.2945   2  21  21.5262  20.0905  39.6867 -12.6550  -1.5324  -6.6569   0.00    0.0
2428 185917.999   54.987443940   82.863505836    82.0550   2  20  25.4548  23.9471  47.0268 -12.9578  -6.6211 -10.5174   0.00    0.0
2428 185918.999   54.987425985   82.863384603    80.9698   2  22  24.1982  24.0008  43.9195  -9.6220 -11.0610 -13.5885   0.00    0.0
2428 185919.999   54.987427046   82.863221561    83.2890   2  22  17.6187  10.1914  27.5089   7.0089  -9.5373 -20.5945   0.00    0.0
2428 185920.999   54.987421335   82.863076979    82.9019   2  22  18.9873  10.5364  29.3749   8.2913 -10.9436 -22.2950   0.00    0.0
2428 185921.999   54.987423237   82.862943797    81.4436   2  22  19.7992  10.7083  30.6695   8.9235 -11.6941 -23.3790   0.00    0.0
2428 185922.999   54.987414500   82.862813472    81.7724   2  22  20.9662  11.1521  32.5085  10.1649 -13.1601 -24.9191   0.00    0.0
2428 185923.999   54.987395704   82.862685066    83.7061   2  21  17.9045  10.4782  27.8413   7.8038 -10.4024 -20.9236   0.00    0.0
2428 185924.999   54.987403671   82.862534376    81.1931   2  22  19.2528  20.9281  30.0203   4.0782  -6.5242 -22.7459   0.00    0.0
2428 185925.999   54.987392982   82.862448091    82.0386   2  22  18.0106   9.8668  28.4704   8.3058 -10.9524 -21.2696   0.00    0.0
2428 185926.999   54.987375904   82.862354444    83.9591   2  22  14.4183   9.1366  23.1459   5.3039  -7.5789 -16.5348   0.00    0.0
2428 185927.999   54.987369613   82.862277515    83.4530   2  22  14.2067   9.0368  22.8250   4.9107  -7.1626 -16.2456   0.00    0.0
2428 185928.999   54.987355202   82.862217291    82.8213   2  15  15.4351   9.1898  23.8392   5.8486  -7.9454 -17.5216   0.00    0.0
2428 185929.999   54.987311078   82.862178432    85.3137   2  22  16.3352   8.9898  25.7421   5.6576  -7.9165 -18.9700   0.00    0.0
2428 185930.999   54.987288174   82.862163754    84.9813   2  22   7.9709   6.7983  16.6367  -2.5727  -3.5608  -6.0096   0.00    0.0
2428 185931.999   54.987229362   82.862162287    88.8136   2  22   7.9632   6.7997  16.6486  -2.5668  -3.5828  -5.9953   0.00    0.0
2428 185932.999   54.987176271   82.862173720    88.3823   2  22   7.9623   6.8006  16.6891  -2.5637  -3.5980  -6.0077   0.00    0.0
2428 185933.999   54.987114173   82.862184800    89.2401   2  22   7.9601   6.8015  16.7191  -2.5610  -3.6117  -6.0130   0.00    0.0
2428 185934.999   54.987049030   82.862196331    89.1921   2  22   7.9598   6.8027  16.7610  -2.5550  -3.6331  -6.0273   0.00    0.0
2428 185935.999   54.986957539   82.862219141    83.8564   2  21   1.9002   1.7522   3.4449  -0.7889  -0.6079  -1.5904   0.00    0.0
2428 185936.999   54.986883939   82.862231300    84.1591   2  22   1.9001   1.7523   3.4456  -0.7893  -0.6080  -1.5901   0.00    0.0
2428 185937.999   54.986807119   82.862243488    84.3191   2  22   1.9000   1.7524   3.4466  -0.7897  -0.6076  -1.5900   0.00    0.0
2428 185938.999   54.986727482   82.862254223    84.4642   2  21   1.8999   1.7525   3.4493  -0.7900  -0.6076  -1.5902   0.00    0.0
2428 185939.999   54.986645394   82.862265966    84.6336   2  22   1.8998   1.7526   3.4502  -0.7904  -0.6073  -1.5900   0.00    0.0
2428 185940.999   54.986561058   82.862277573    84.8480   2  22   1.8997   1.7527   3.4529  -0.7907  -0.6075  -1.5903   0.00    0.0
2428 185941.999   54.986475533   82.862289981    85.0216   2  22   1.8996   1.7529   3.4541  -0.7911  -0.6071  -1.5902   0.00    0.0
2428 185942.999   54.986390124   82.862302817    85.2168   2  22   1.8994   1.7530   3.4556  -0.7915  -0.6069  -1.5902   0.00    0.0
2428 185943.999   54.986305006   82.862315520    85.4464   2  22   1.8993   1.7531   3.4572  -0.7919  -0.6067  -1.5902   0.00    0.0
2428 185944.999   54.986223478   82.862325676    84.8937   2  22   1.9034   1.7555   3.4586  -0.7963  -0.6020  -1.5958   0.00    0.0
2428 185945.999   54.986137313   82.862338834    85.3011   2  22   1.9020   1.7497   3.4426  -0.7867  -0.6002  -1.5918   0.00    0.0
2428 185946.999   54.986055462   82.862347232    85.5918   2  22   1.9020   1.7491   3.4424  -0.7864  -0.5946  -1.5923   0.00    0.0
2428 185947.999   54.985979512   82.862356991    85.6448   2  22   1.9018   1.7492   3.4474  -0.7867  -0.5948  -1.5930   0.00    0.0
2428 185948.999   54.985909319   82.862365579    85.7432   2  22   1.9016   1.7493   3.4485  -0.7871  -0.5947  -1.5928   0.00    0.0
2428 185949.999   54.985844619   82.862374231    85.8288   2  22   1.9015   1.7493   3.4496  -0.7874  -0.5943  -1.5927   0.00    0.0
2428 185950.999   54.985785574   82.862382365    85.9119   2  22   1.9014   1.7494   3.4509  -0.7878  -0.5940  -1.5926   0.00    0.0
2428 185951.999   54.985733606   82.862388119    85.9940   2  22   1.9013   1.7496   3.4522  -0.7882  -0.5939  -1.5925   0.00    0.0
2428 185952.999   54.985694797   82.862392897    86.0651   2  22   1.9011   1.7497   3.4536  -0.7886  -0.5935  -1.5926   0.00    0.0
2428 185953.999   54.985670161   82.862395907    86.0351   2  22   1.9008   1.7498   3.4553  -0.7889  -0.5934  -1.5929   0.00    0.0
2428 185954.999   54.985654723   82.862397582    86.1287   2  22   1.9007   1.7499   3.4561  -0.7893  -0.5929  -1.5928   0.00    0.0
2428 185955.999   54.985645740   82.862398869    86.1719   2  22   1.9006   1.7499   3.4573  -0.7896  -0.5913  -1.5933   0.00    0.0
2428 185956.999   54.985636545   82.862399889    86.2022   2  21   1.9006   1.7501   3.4581  -0.7896  -0.5910  -1.5931   0.00    0.0
2428 185957.999   54.985625193   82.862401165    86.2963   2  22   1.9007   1.7504   3.4702  -0.7893  -0.5953  -1.5966   0.00    0.0
2428 185958.999   54.985612723   82.862402806    86.2348   2  22   1.9006   1.7505   3.4711  -0.7897  -0.5948  -1.5964   0.00    0.0
2428 185959.999   54.985599789   82.862404585    86.3095   2  22   1.9004   1.7506   3.4727  -0.7901  -0.5946  -1.5964   0.00    0.0
2428 185960.999   54.985588244   82.862405690    86.1484   2  21   1.9003   1.7507   3.4742  -0.7905  -0.5944  -1.5964   0.00    0.0
2428 185961.999   54.985580519   82.862407009    86.1433   2  22   1.9000   1.7508   3.4772  -0.7907  -0.5947  -1.5969   0.00    0.0
2428 185962.999   54.985575710   82.862407272    86.0909   2  22   1.8997   1.7509   3.4779  -0.7911  -0.5942  -1.5970   0.00    0.0
2428 185963.999   54.985571284   82.862408219    86.1590   2  21   1.8997   1.7510   3.4786  -0.7915  -0.5937  -1.5968   0.00    0.0
2428 185964.999   54.985568236   82.862408483    86.1439   2  21   1.8997   1.7512   3.4793  -0.7917  -0.5933  -1.5966   0.00    0.0
2428 185965.999   54.985565010   82.862409074    86.1341   2  22   1.8997   1.7513   3.4800  -0.7919  -0.5928  -1.5963   0.00    0.0
2428 185966.999   54.985562843   82.862409307    86.1824   2  22   1.8996   1.7514   3.4807  -0.7923  -0.5923  -1.5962   0.00    0.0
2428 185967.999   54.985559697   82.862409714    86.1401   2  22   1.8995   1.7515   3.4817  -0.7926  -0.5920  -1.5961   0.00    0.0
2428 185968.999   54.985554497   82.862410405    86.1077   2  22   1.8995   1.7517   3.4823  -0.7930  -0.5914  -1.5959   0.00    0.0
2428 185969.999   54.985548622   82.862411306    86.1300   2  21   1.8993   1.7518   3.4854  -0.7933  -0.5918  -1.5964   0.00    0.0
2428 185970.999   54.985543368   82.862412056    86.1040   2  22   1.8991   1.7519   3.4869  -0.7937  -0.5916  -1.5963   0.00    0.0
2428 185971.999   54.985535689   82.862413373    86.0890   2  22   1.8990   1.7520   3.4882  -0.7941  -0.5913  -1.5963   0.00    0.0
2428 185972.999   54.985525223   82.862416749    86.1392   2  21   1.8989   1.7521   3.4898  -0.7944  -0.5911  -1.5963   0.00    0.0
2428 185973.999   54.985510724   82.862432026    86.0332   2  22   1.8993   1.7528   3.4803  -0.7945  -0.5815  -1.5941   0.00    0.0
2428 185974.999   54.985497806   82.862474153    85.9807   2  21   1.9020   1.7507   3.4718  -0.7980  -0.5892  -1.5905   0.00    0.0
2428 185975.999   54.985492519   82.862543606    86.1079   2  22   1.9017   1.7511   3.4721  -0.7990  -0.5883  -1.5897   0.00    0.0
2428 185976.999   54.985492436   82.862632449    86.2547   2  22   1.9016   1.7512   3.4730  -0.7995  -0.5879  -1.5895   0.00    0.0
2428 185977.999   54.985497879   82.862734107    86.2830   2  22   1.9014   1.7513   3.4743  -0.7999  -0.5872  -1.5894   0.00    0.0
2428 185978.999   54.985506066   82.862844483    86.3682   2  21   1.9014   1.7514   3.4750  -0.8004  -0.5855  -1.5896   0.00    0.0
2428 185979.999   54.985515493   82.862966731    86.4830   2  22   1.9014   1.7517   3.4757  -0.8006  -0.5839  -1.5889   0.00    0.0
2428 185980.999   54.985525581   82.863102583    86.5992   2  22   1.9012   1.7518   3.4759  -0.8011  -0.5840  -1.5888   0.00    0.0
2428 185981.999   54.985536588   82.863249967    86.6542   2  22   1.9011   1.7520   3.4763  -0.8017  -0.5837  -1.5887   0.00    0.0
2428 185982.999   54.985547528   82.863408956    86.7458   2  22   1.9011   1.7522   3.4750  -0.8024  -0.5849  -1.5884   0.00    0.0
2428 185983.999   54.985557696   82.863577175    86.8398   2  21   1.9009   1.7522   3.4754  -0.8026  -0.5853  -1.5881   0.00    0.0
2428 185984.999   54.985566671   82.863751604    86.9606   2  21   1.9008   1.7522   3.4759  -0.8028  -0.5856  -1.5877   0.00    0.0
2428 185985.999   54.985574594   82.863932462    86.9371   2  20   1.9007   1.7522   3.4763  -0.8030  -0.5859  -1.5872   0.00    0.0
2428 185986.999   54.985582871   82.864117748    87.0650   2  19   1.9004   1.7522   3.4764  -0.8033  -0.5858  -1.5872   0.00    0.0
2428 185987.999   54.985590965   82.864300925    87.1588   2  21   1.9003   1.7523   3.4771  -0.8036  -0.5854  -1.5867   0.00    0.0
2428 185988.999   54.985599524   82.864482681    87.3931   2  22   1.9003   1.7529   3.4775  -0.8046  -0.5832  -1.5873   0.00    0.0
2428 185989.999   54.985605350   82.864678325    88.3647   2  21   6.1660  14.9754  15.6728  -9.3745  15.0653  -9.5994   0.00    0.0
2428 185990.999   54.985614019   82.864869347    88.9918   2  21   4.8937  11.6595  12.3229  -7.2544  11.6599  -7.4713   0.00    0.0
2428 185991.999   54.985626329   82.865046455    88.6351   2  21   4.5610  10.7259  11.4136  -6.6721  10.7105  -6.8976   0.00    0.0
2428 185992.999   54.985646060   82.865197312    86.7296   2  22  17.8171  11.3699  20.7886  -8.6530  10.0752  15.4851   0.00    0.0
2428 185993.999   54.985664798   82.865397565    88.9761   2  21  21.1945  12.3694  24.9599  -8.9537  11.4073  19.3979   0.00    0.0
2428 185994.999   54.985676102   82.865585461    89.5660   2  21  15.9394  14.6234  19.3440 -11.1273  13.0737   9.8459   0.00    0.0
2428 185995.999   54.985689222   82.865772987    94.3529   2  21   8.2135  12.6292  16.1983  -8.0694  12.0263  -5.4649   0.00    0.0
2428 185996.999   54.985697983   82.865961529    95.1544   2  19   6.8432   5.7612  11.3189  -3.7461   3.7943   4.7774   0.00    0.0
2428 185997.999   54.985708104   82.866147483    95.2697   2  21   6.8457   5.7618  11.3142  -3.7498   3.7874   4.7799   0.00    0.0
2428 185998.999   54.985717995   82.866332628    95.6090   2  22   6.8482   5.7623  11.3096  -3.7535   3.7807   4.7823   0.00    0.0
2428 185999.999   54.985727705   82.866513889    95.8789   2  22   6.8508   5.7629  11.3050  -3.7572   3.7740   4.7848   0.00    0.0
2428 186000.999   54.985736855   82.866692503    96.2182   2  22   6.8533   5.7635  11.3003  -3.7610   3.7672   4.7873   0.00    0.0
2428 186001.999   54.985746505   82.866883212    98.1125   2  21  17.6796  12.2169  22.1307  -8.8159  10.5939  14.9355   0.00    0.0
2428 186002.999   54.985735187   82.867041417    94.6697   2  22   5.1751  12.2415  14.3950  -7.4893  11.7501  -8.0396   0.00    0.0
2428 186003.999   54.985743153   82.867209742    94.9065   2  20   3.0271   2.9796  11.1207  -2.4450   5.0232  -5.0664   0.00    0.0
2428 186004.999   54.985749971   82.867365462    94.9991   2  22   3.0273   2.9800  11.1208  -2.4453   5.0235  -5.0666   0.00    0.0
2428 186005.999   54.985756062   82.867499370    95.2389   2  21   3.0287   2.9812  11.1419  -2.4472   5.0298  -5.0731   0.00    0.0
2428 186006.999   54.985761296   82.867617792    95.4005   2  21   3.0297   2.9822  11.1545  -2.4485   5.0339  -5.0770   0.00    0.0
2428 186007.999   54.985769033   82.867724393    94.4676   2  19   2.6091   2.2788   8.6311  -1.6992   3.3692  -3.8554   0.00    0.0
2428 186008.999   54.985773123   82.867838445    94.9903   2  21   2.6060   2.2751   8.6191  -1.6944   3.3582  -3.8464   0.00    0.0
2428 186009.999   54.985778905   82.867956509    95.2019   2  22   2.6060   2.2753   8.6218  -1.6948   3.3589  -3.8469   0.00    0.0
2428 186010.999   54.985784981   82.868080895    95.3812   2  22   2.6059   2.2754   8.6237  -1.6949   3.3592  -3.8469   0.00    0.0
2428 186011.999   54.985792087   82.868211418    95.5443   2  22   2.6058   2.2759   8.6244  -1.6955   3.3601  -3.8469   0.00    0.0
2428 186012.999   54.985799902   82.868349336    95.6467   2  22   2.6058   2.2762   8.6259  -1.6958   3.3607  -3.8471   0.00    0.0
2428 186013.999   54.985807395   82.868495826    96.0888   2  22   2.6037   2.2732   8.6137  -1.6920   3.3506  -3.8388   0.00    0.0
2428 186014.999   54.985816127   82.868647345    96.0849   2  22   2.6006   2.2697   8.6036  -1.6874   3.3408  -3.8301   0.00    0.0
2428 186015.999   54.985824136   82.868805350    96.1668   2  21   2.6007   2.2699   8.6039  -1.6877   3.3409  -3.8302   0.00    0.0
2428 186016.999   54.985831636   82.868969380    96.3333   2  21   2.6007   2.2701   8.6039  -1.6880   3.3409  -3.8303   0.00    0.0
2428 186017.999   54.985840079   82.869138755    96.4879   2  21   2.6008   2.2702   8.6039  -1.6883   3.3408  -3.8302   0.00    0.0
2428 186018.999   54.985848150   82.869311467    96.7323   2  21   2.6009   2.2705   8.6050  -1.6887   3.3415  -3.8307   0.00    0.0
2428 186019.999   54.985841923   82.869506337   103.6864   2  22   7.9523   7.2376  33.4638  -7.3822  15.2771 -16.0525   0.00    0.0
2428 186020.999   54.985836219   82.869693747   109.3004   2  21   7.8979   7.1841  33.2704  -7.3267  15.1723 -15.9474   0.00    0.0
2428 186021.999   54.985869449   82.869806757    93.9674   2  22   2.1599   1.8116   3.6719  -0.9321   0.5495  -1.7595   0.00    0.0
2428 186022.999   54.985868624   82.869966265    94.2361   2  21   2.1599   1.8118   3.6710  -0.9327   0.5470  -1.7583   0.00    0.0
2428 186023.999   54.985869308   82.870114056    94.3968   2  22   2.1600   1.8117   3.6654  -0.9330   0.5325  -1.7538   0.00    0.0
2428 186024.999   54.985873833   82.870244129    94.7408   2  20   2.1599   1.8118   3.6661  -0.9334   0.5335  -1.7537   0.00    0.0
2428 186025.999   54.985878154   82.870348264    94.6906   2  19   2.1599   1.8122   3.6662  -0.9336   0.5353  -1.7533   0.00    0.0
2428 186026.999   54.985882154   82.870429311    94.8499   2  20   2.1597   1.8124   3.6633  -0.9339   0.5353  -1.7516   0.00    0.0
2428 186027.999   54.985885008   82.870491866    94.8901   2  18   2.1596   1.8126   3.6621  -0.9343   0.5354  -1.7510   0.00    0.0
2428 186028.999   54.985886762   82.870531724    94.9512   2  21   2.1596   1.8128   3.6616  -0.9347   0.5357  -1.7506   0.00    0.0
2428 186029.999   54.985887815   82.870549333    95.0762   2  21   2.1603   1.8135   3.6583  -0.9365   0.5262  -1.7483   0.00    0.0
2428 186030.999   54.985887677   82.870554126    95.0327   2  20   2.1605   1.8138   3.6573  -0.9372   0.5239  -1.7474   0.00    0.0
2428 186031.999   54.985888086   82.870553870    94.9578   2  19   2.1606   1.8141   3.6555  -0.9378   0.5209  -1.7462   0.00    0.0
2428 186032.999   54.985888568   82.870552601    94.8404   2  20   2.1630   1.8152   3.6439  -0.9410   0.4855  -1.7382   0.00    0.0
2428 186033.999   54.985888052   82.870553639    94.9209   2  20   2.1633   1.8163   3.6418  -0.9433   0.4860  -1.7398   0.00    0.0
2428 186034.999   54.985888114   82.870553700    94.9270   2  18   2.1632   1.8163   3.6417  -0.9436   0.4867  -1.7398   0.00    0.0
2428 186035.999   54.985888072   82.870553653    94.9178   2  18   2.1630   1.8164   3.6421  -0.9438   0.4868  -1.7393   0.00    0.0
2428 186036.999   54.985888083   82.870553657    94.9119   2  19   2.1629   1.8164   3.6420  -0.9441   0.4872  -1.7392   0.00    0.0
2428 186037.999   54.985888096   82.870553648    94.9185   2  19   2.1628   1.8164   3.6423  -0.9443   0.4875  -1.7388   0.00    0.0
2428 186038.999   54.985888059   82.870553602    94.9184   2  20   2.1626   1.8166   3.6435  -0.9446   0.4897  -1.7386   0.00    0.0
2428 186039.999   54.985888072   82.870553716    94.9241   2  19   2.1625   1.8166   3.6436  -0.9448   0.4901  -1.7384   0.00    0.0
2428 186040.999   54.985888043   82.870553692    94.9389   2  20   2.1624   1.8166   3.6436  -0.9450   0.4902  -1.7380   0.00    0.0
2428 186041.999   54.985888091   82.870553612    94.9249   2  20   2.1623   1.8167   3.6434  -0.9452   0.4902  -1.7377   0.00    0.0
2428 186042.999   54.985888067   82.870553588    94.9260   2  19   2.1622   1.8167   3.6433  -0.9454   0.4903  -1.7374   0.00    0.0
2428 186043.999   54.985888042   82.870553622    94.9378   2  19   2.1622   1.8167   3.6432  -0.9456   0.4904  -1.7371   0.00    0.0
2428 186044.999   54.985888042   82.870553626    94.9495   2  19   2.1621   1.8168   3.6431  -0.9459   0.4904  -1.7368   0.00    0.0
2428 186045.999   54.985888127   82.870553725    94.9099   2  19   2.1625   1.8168   3.6430  -0.9461   0.4904  -1.7362   0.00    0.0
2428 186046.999   54.985888159   82.870553741    94.9257   2  19   2.1624   1.8168   3.6428  -0.9463   0.4906  -1.7360   0.00    0.0
2428 186047.999   54.985888160   82.870553748    94.9238   2  18   2.1624   1.8169   3.6426  -0.9465   0.4906  -1.7358   0.00    0.0
2428 186048.999   54.985888149   82.870553729    94.9156   2  19   2.1624   1.8169   3.6426  -0.9467   0.4905  -1.7353   0.00    0.0
2428 186049.999   54.985888113   82.870553706    94.9159   2  18   2.1624   1.8169   3.6425  -0.9469   0.4905  -1.7350   0.00    0.0
2428 186050.999   54.985888104   82.870553694    94.9200   2  19   2.1624   1.8170   3.6423  -0.9471   0.4904  -1.7348   0.00    0.0
2428 186051.999   54.985888115   82.870553704    94.9280   2  15   2.1623   1.8170   3.6424  -0.9473   0.4904  -1.7344   0.00    0.0
2428 186052.999   54.985888094   82.870553734    94.9291   2  19   2.1621   1.8170   3.6426  -0.9476   0.4900  -1.7339   0.00    0.0
2428 186053.999   54.985888101   82.870553794    94.9334   2  19   2.1620   1.8170   3.6427  -0.9478   0.4895  -1.7335   0.00    0.0
2428 186054.999   54.985888066   82.870553746    94.9134   2  19   2.1619   1.8170   3.6425  -0.9480   0.4897  -1.7332   0.00    0.0
2428 186055.999   54.985898388   82.870567060    94.9804   2  19   2.2917   1.8956   2.9846  -0.6473   0.3207  -1.9609   0.00    0.0
2428 186056.999   54.985898399   82.870567019    94.9959   2  19   2.2916   1.8956   2.9844  -0.6478   0.3201  -1.9605   0.00    0.0
2428 186057.999   54.985898392   82.870567096    94.9954   2  19   2.2915   1.8955   2.9841  -0.6481   0.3203  -1.9601   0.00    0.0
2428 186058.999   54.985898399   82.870567000    94.9845   2  18   2.2913   1.8955   2.9839  -0.6486   0.3200  -1.9597   0.00    0.0
2428 186059.999   54.985898433   82.870566971    94.9921   2  15   2.2912   1.8955   2.9837  -0.6490   0.3198  -1.9593   0.00    0.0
2428 186060.999   54.985898406   82.870567052    94.9993   2  19   2.2910   1.8955   2.9834  -0.6493   0.3199  -1.9589   0.00    0.0
2428 186061.999   54.985898357   82.870566999    94.9913   2  19   2.2909   1.8955   2.9832  -0.6498   0.3198  -1.9585   0.00    0.0
2428 186062.999   54.985898391   82.870567040    95.0020   2  19   2.2908   1.8955   2.9830  -0.6502   0.3197  -1.9581   0.00    0.0
2428 186063.999   54.985898376   82.870566962    94.9981   2  19   2.2907   1.8955   2.9828  -0.6506   0.3195  -1.9576   0.00    0.0
2428 186064.999   54.985898354   82.870567076    94.9806   2  20   2.2906   1.8954   2.9825  -0.6509   0.3193  -1.9572   0.00    0.0
2428 186065.999   54.985898345   82.870566961    94.9900   2  19   2.2910   1.8954   2.9820  -0.6511   0.3193  -1.9568   0.00    0.0
2428 186066.999   54.985898298   82.870567029    95.0014   2  20   2.2911   1.8954   2.9817  -0.6515   0.3191  -1.9564   0.00    0.0
2428 186067.999   54.985898285   82.870566938    95.0149   2  19   2.2910   1.8954   2.9814  -0.6519   0.3190  -1.9561   0.00    0.0
2428 186068.999   54.985898284   82.870566941    95.0154   2  19   2.2909   1.8954   2.9811  -0.6523   0.3190  -1.9557   0.00    0.0
2428 186069.999   54.985898309   82.870566935    95.0265   2  19   2.2909   1.8954   2.9808  -0.6526   0.3190  -1.9553   0.00    0.0
2428 186070.999   54.985898290   82.870566906    95.0293   2  19   2.2908   1.8954   2.9813  -0.6530   0.3170  -1.9545   0.00    0.0
2428 186071.999   54.985898304   82.870566986    95.0447   2  21   2.2905   1.8955   2.9809  -0.6534   0.3150  -1.9536   0.00    0.0
2428 186072.999   54.985898246   82.870566954    95.0360   2  21   2.2905   1.8955   2.9807  -0.6537   0.3150  -1.9531   0.00    0.0
2428 186073.999   54.985898277   82.870566997    95.0525   2  20   2.2905   1.8955   2.9804  -0.6541   0.3149  -1.9527   0.00    0.0
2428 186074.999   54.985898291   82.870566851    95.0447   2  20   2.2905   1.8955   2.9802  -0.6543   0.3149  -1.9522   0.00    0.0
2428 186075.999   54.985898536   82.870567109    94.9663   2  21   2.2905   1.8954   2.9798  -0.6547   0.3148  -1.9518   0.00    0.0
2428 186076.999   54.985898362   82.870567327    94.9663   2  19   2.2909   1.8952   2.9811  -0.6541   0.3158  -1.9501   0.00    0.0
2428 186077.999   54.985898398   82.870567176    94.9742   2  19   2.2909   1.8952   2.9809  -0.6543   0.3159  -1.9495   0.00    0.0
2428 186078.999   54.985898439   82.870567177    94.9898   2  19   2.2910   1.8951   2.9808  -0.6546   0.3158  -1.9490   0.00    0.0
2428 186079.999   54.985898381   82.870567214    94.9787   2  20   2.2910   1.8951   2.9806  -0.6549   0.3159  -1.9485   0.00    0.0
2428 186080.999   54.985898436   82.870567161    94.9847   2  19   2.2910   1.8951   2.9805  -0.6552   0.3159  -1.9479   0.00    0.0
2428 186081.999   54.985898386   82.870567220    94.9894   2  20   2.2911   1.8950   2.9803  -0.6554   0.3158  -1.9474   0.00    0.0
2428 186082.999   54.985898417   82.870567118    94.9895   2  19   2.2911   1.8950   2.9802  -0.6557   0.3158  -1.9469   0.00    0.0
2428 186083.999   54.985898328   82.870567164    94.9851   2  20   2.2912   1.8949   2.9805  -0.6559   0.3155  -1.9460   0.00    0.0
2428 186084.999   54.985898385   82.870567120    95.0019   2  20   2.2912   1.8949   2.9802  -0.6562   0.3156  -1.9456   0.00    0.0
2428 186085.999   54.985898399   82.870567228    94.9806   2  20   2.2911   1.8949   2.9799  -0.6564   0.3156  -1.9453   0.00    0.0
2428 186086.999   54.985898421   82.870567209    94.9648   2  20   2.2910   1.8949   2.9796  -0.6567   0.3156  -1.9449   0.00    0.0
2428 186087.999   54.985898456   82.870569232    95.0443   2  20   2.2914   1.8970   2.9742  -0.6622   0.3151  -1.9456   0.00    0.0
2428 186088.999   54.985898668   82.870574550    95.0237   2  19   2.2935   1.8991   2.9661  -0.6698   0.2998  -1.9437   0.00    0.0
2428 186089.999   54.985899483   82.870585892    95.1775   2  20   2.2935   1.8996   2.9648  -0.6704   0.3002  -1.9433   0.00    0.0
2428 186090.999   54.985901313   82.870617422    95.1488   2  20   2.2937   1.8998   2.9641  -0.6714   0.2993  -1.9428   0.00    0.0
2428 186091.999   54.985903353   82.870668580    94.9877   2  20   2.2939   1.9000   2.9633  -0.6724   0.2982  -1.9422   0.00    0.0
2428 186092.999   54.985941237   82.870726202    98.3149   2  21  17.7548   4.1751  14.8408  -8.1183  -7.3477  15.8861   0.00    0.0
2428 186093.999   54.985935996   82.870827566    99.3758   2  21  19.0134  14.7866  24.9583  -9.3948  14.5279  16.4730   0.00    0.0
2428 186094.999   54.985921869   82.870908135    98.8536   2  20  20.6868  14.6365  25.3571 -10.2212  13.6375  17.9538   0.00    0.0
2428 186095.999   54.985906945   82.870876141    92.3256   2  21   5.8167   4.7867   7.0471  -4.2240   3.9661   1.8224   0.00    0.0
2428 186096.999   54.985906186   82.870888440    92.3282   2  20   5.8189   4.7875   7.0458  -4.2258   3.9636   1.8281   0.00    0.0
2428 186097.999   54.985911028   82.870900656    92.4553   2  21   5.8212   4.7882   7.0448  -4.2278   3.9612   1.8333   0.00    0.0
2428 186098.999   54.985897683   82.870946997    95.7083   2  21  10.5317   6.2363  20.0608  -7.3268   9.7700 -12.7782   0.00    0.0
2428 186099.999   54.985902051   82.871000971    95.0374   2  21  11.5974   6.8326  21.9193  -8.2005  10.9589 -14.3573   0.00    0.0
2428 186100.999   54.985908260   82.871079423    94.7203   2  21   5.7353   3.6941  11.3177  -3.0506   3.4834  -4.1018   0.00    0.0
2428 186101.999   54.985912766   82.871179123    94.9071   2  22   5.7351   3.6947  11.3212  -3.0515   3.4838  -4.1010   0.00    0.0
2428 186102.999   54.985919133   82.871295517    94.7827   2  22   5.7349   3.6952  11.3250  -3.0524   3.4841  -4.1003   0.00    0.0
2428 186103.999   54.985926932   82.871427072    94.7197   2  21   5.7348   3.6958  11.3281  -3.0533   3.4841  -4.0992   0.00    0.0
2428 186104.999   54.985939442   82.871566048    94.9720   2  22   5.7366   3.6956  11.3188  -3.0555   3.4720  -4.0896   0.00    0.0
2428 186105.999   54.985953891   82.871718343    95.1899   2  21   5.7385   3.6969  11.3330  -3.0585   3.4762  -4.0972   0.00    0.0
2428 186106.999   54.985993409   82.871882262   106.0981   2  22  20.8337   7.1513  39.6450  -9.9229   9.4893  17.0630   0.00    0.0
2428 186107.999   54.986006968   82.872056442   110.4617   2  22  23.4896   8.4676  49.3446 -11.2480  13.1076  19.6736   0.00    0.0
2428 186108.999   54.986025910   82.872239158   116.9669   2  22  24.4378   9.1387  49.2515 -12.3441  14.1000  17.3138   0.00    0.0
2428 186109.999   54.986046122   82.872416890   118.0850   2  22  23.9069   9.5231  49.3666 -12.6051  15.3905  13.6972   0.00    0.0
2428 186110.999   54.986046080   82.872620560   123.0627   2  22  22.2497   9.3801  46.6457 -12.1732  15.5139   8.8502   0.00    0.0
2428 186111.999   54.986044839   82.872807097   119.9237   2  21  19.5485   9.0011  42.9300 -11.2686  15.4222  -6.3186   0.00    0.0
2428 186112.999   54.986020421   82.872999377   117.5351   2  21  18.3997   8.3829  40.1990 -10.4465  14.0676  -2.6051   0.00    0.0
2428 186113.999   54.986046121   82.873177108   128.2469   2  22  18.4122   8.1344  36.9228 -10.5080  13.0202  -5.3105   0.00    0.0
2428 186114.999   54.986069615   82.873319455   125.2895   2  22  21.4373   9.3688  45.7813 -12.0454  15.8382   2.7631   0.00    0.0
2428 186115.999   54.986086434   82.873447745   125.3773   2  18  26.4015  22.2573  72.4417  -8.8509 -17.9499 -30.4307   0.00    0.0
2428 186116.999   54.986081083   82.873631473   129.3747   2  22  21.3984  18.0277  52.3702   3.4889 -14.9449 -18.0307   0.00    0.0
2428 186117.999   54.986049529   82.873748180   117.2769   2  21  20.8106  19.5312  52.3859  -3.8120 -18.3911 -15.8956   0.00    0.0
2428 186118.999   54.986045568   82.873917608   120.5363   2  21  20.1556  16.6921  52.0271   7.7227 -15.2186 -18.6035   0.00    0.0
2428 186119.999   54.986064232   82.874095970   100.5388   2  17  26.5473  18.4887  79.0796   6.9894 -17.4924 -31.4401   0.00    0.0
2428 186120.999   54.986075857   82.874268816   113.9781   2  21  21.1407  18.2030  51.6422   4.5621 -16.6674 -15.8317   0.00    0.0
2428 186121.999   54.986080813   82.874440681   109.8453   2  20  23.2809  19.6302  57.4884  -5.4382 -16.7093 -12.1728   0.00    0.0
2428 186122.999   54.986093518   82.874604345   117.4928   2  22  23.6070  21.1554  56.0927  -1.5128 -16.1814 -13.1307   0.00    0.0
2428 186123.999   54.986092452   82.874766704   114.0558   2  22  24.3252  17.7757  58.0092   6.8386 -13.2370  -6.9493   0.00    0.0
2428 186124.999   54.986105631   82.874873095   116.2387   2  21  24.9566  22.3516  61.8774  -5.0634 -20.9654 -11.5853   0.00    0.0
2428 186125.999   54.986118206   82.874999927   111.4289   2  22  24.2785  20.7628  58.6340  -3.6799 -17.8392 -13.8239   0.00    0.0
2428 186126.999   54.986126454   82.875109431   106.2257   2  22  22.0206  18.5040  51.9293   6.9236 -17.4111 -11.5981   0.00    0.0
2428 186127.999   54.986135584   82.875178202   105.0344   2  22  23.1324  18.7781  55.7228   6.5707 -17.5016 -14.6256   0.00    0.0
2428 186128.999   54.986128573   82.875259709   103.3356   2  21  21.4618  18.0866  55.6299   5.9962 -15.3343 -19.4122   0.00    0.0
2428 186129.999   54.986118108   82.875322843   103.5846   2  22  21.2153  20.0699  51.5223   6.3355 -19.5218 -22.0198   0.00    0.0
2428 186130.999   54.986135436   82.875422741   100.3907   2  22  22.5787  19.2703  53.9824   5.9627 -17.6834 -22.9103   0.00    0.0
2428 186131.999   54.986153425   82.875528786   103.5196   2  22  21.7896  18.8334  53.8772  -6.0435 -13.6304 -16.8550   0.00    0.0
2428 186132.999   54.986167644   82.875640915   103.9374   2  22  19.8428  20.5461  45.9632 -10.3415  -8.7187 -17.0355   0.00    0.0
2428 186133.999   54.986169610   82.875732734   102.6841   2  22  18.2949  18.8654  41.0058  -8.8228  -7.4385 -15.3857   0.00    0.0
2428 186134.999   54.986183503   82.875830210   104.7902   2  22  10.2218  16.6547  39.4337  -5.4314 -11.0260 -15.3298   0.00    0.0
2428 186135.999   54.986181561   82.875921981   109.7140   2  20  10.2034  16.7256  44.2111  -1.7970 -15.5170 -16.5956   0.00    0.0
2428 186136.999   54.986187985   82.876039370   108.3382   2  20  10.2012  15.7280  41.6275  -5.4929  -8.4824 -15.9833   0.00    0.0
2428 186137.999   54.986179545   82.876151689   117.1450   2  21  10.1342  18.2425  44.5756  -4.9539 -13.7923 -16.3254   0.00    0.0
2428 186138.999   54.986204893   82.876269272   105.9986   2  21   9.5359  15.1419  39.9471  -4.3485  -9.3031 -14.6289   0.00    0.0
2428 186139.999   54.986201336   82.876404807   111.8253   2  20   9.6982  14.8057  41.7183  -4.0601  -8.9882 -15.4376   0.00    0.0
2428 186140.999   54.986207449   82.876560718   111.3476   2  20   9.8562  16.4228  40.6788  -4.8134 -10.9666 -15.1497   0.00    0.0
2428 186141.999   54.986220350   82.876696494   102.6710   2  20  19.6467  17.0167  45.5359   8.4659 -14.2578 -13.2644   0.00    0.0
2428 186142.999   54.986217012   82.876822130   101.3151   2  20  21.6808  16.3478  52.5175   8.7041  -8.5895 -11.1483   0.00    0.0
2428 186143.999   54.986213150   82.876938096   106.6791   2  20  24.2814  16.8636  58.0874  10.6626 -11.9335 -10.8591   0.00    0.0
2428 186144.999   54.986239433   82.877078334   112.9622   2  20  25.5921  21.2726  62.5086   5.1400 -16.1051  -7.4091   0.00    0.0
2428 186145.999   54.986237390   82.877225184   117.6536   2  21  23.5198  23.2389  57.4566  -6.8252  -9.8860 -11.6339   0.00    0.0
2428 186146.999   54.986238465   82.877364449   105.9390   2  17  28.1564  22.9145  72.3286  -8.1151   9.5081 -29.2608   0.00    0.0
2428 186147.999   54.986233227   82.877523963   129.8170   2  21  22.7874  18.9452  49.7806   8.9340 -12.7208 -15.6754   0.00    0.0
2428 186148.999   54.986237355   82.877660178   121.7023   2  20  24.3280  20.4004  54.1915   6.8328 -15.6536 -17.8111   0.00    0.0
2428 186149.999   54.986251462   82.877769237   128.6436   2  20  22.7876  21.3694  55.6107  10.5716 -20.5873 -21.5426   0.00    0.0
2428 186150.999   54.986262564   82.877918417   124.8315   2  20  24.2333  23.1944  62.7223   9.3325 -19.2523 -20.6016   0.00    0.0
2428 186151.999   54.986262640   82.878061233   117.3317   2  20  22.2452  26.7952  57.3979  -9.5938 -15.9528 -17.0861   0.00    0.0
2428 186152.999   54.986246272   82.878223899   115.5824   2  20  18.9205  21.4350  46.2453  -6.7157 -10.6162 -15.6719   0.00    0.0
2428 186153.999   54.986244250   82.878343907   115.2807   2  20  17.9514  18.9523  41.0696   2.8020 -13.4252 -14.4230   0.00    0.0
2428 186154.999   54.986275958   82.878480283   114.4767   2  20  20.6733  19.0622  49.6241   9.3824 -18.5173 -18.1017   0.00    0.0
2428 186155.999   54.986300167   82.878627110   111.6121   2  20  19.5526  19.7226  50.0183   5.8786 -18.0032 -16.5557   0.00    0.0
2428 186156.999   54.986293555   82.878783112   108.1304   2  20  19.4032  18.9161  46.3090   5.4089 -15.3125 -17.0698   0.00    0.0
2428 186157.999   54.986290374   82.878914094   109.8024   2  20  21.0508  20.3973  53.1782   7.9188 -18.9921 -19.1515   0.00    0.0
2428 186158.999   54.986272526   82.879021999   118.5881   2  20  21.6079  19.3089  53.7406  11.0630 -19.8217 -23.1054   0.00    0.0
2428 186159.999   54.986278100   82.879147217   119.9382   2  20  22.6150  24.5985  57.3871   1.3823 -19.3707 -20.3618   0.00    0.0
2428 186160.999   54.986278241   82.879255432   117.6187   2  20  21.9190  21.4518  55.5279   4.6877 -15.3717 -19.2025   0.00    0.0
2428 186161.999   54.986301787   82.879351955   120.1787   2  20  21.6274  22.1779  53.0272   4.5003 -17.2197 -17.9914   0.00    0.0
2428 186162.999   54.986322600   82.879400199   126.8099   2  20  22.2416  21.9399  53.6921   7.7499 -18.6602 -17.7572   0.00    0.0
2428 186163.999   54.986315073   82.879466814   120.0546   2  20  20.9765  22.5100  54.5910   1.7741 -18.1687 -14.6468   0.00    0.0
2428 186164.999   54.986311840   82.879483968   119.9968   2  20  10.3091  17.9274  45.2680  -4.1037 -14.2690 -16.7993   0.00    0.0
2428 186165.999   54.986321032   82.879500473   115.1407   2  20   9.2461  14.4646  24.8694  -6.3186   8.8590 -10.7030   0.00    0.0
2428 186166.999   54.986328542   82.879477606   112.8125   2  14   9.9489  17.8220  24.4369  -8.8458  11.0246 -11.3288   0.00    0.0
2428 186167.999   54.986327541   82.879503972   113.4684   2  19   9.6619  16.4817  25.0217  -7.8827  10.6488 -11.2378   0.00    0.0
2428 186168.999   54.986328526   82.879531790   113.4888   2  19   9.9750  16.5201  26.7862  -8.4029  12.6570 -12.3138   0.00    0.0
2428 186169.999   54.986329193   82.879605345    99.0598   2  19  19.1731  20.5527  46.9763   8.8461 -18.6723 -19.4634   0.00    0.0
2428 186170.999   54.986336225   82.879666069   103.3484   2  20  19.2464  18.4793  49.1703   7.7492 -15.4566 -20.5538   0.00    0.0
2428 186171.999   54.986340175   82.879740919   107.1497   2  19  20.7956  20.8441  51.3921   9.5094 -18.7288 -18.5763   0.00    0.0
2428 186172.999   54.986360118   82.879855162   112.2338   2  20  19.7293  18.4405  50.8607   7.9054 -13.3857 -15.1961   0.00    0.0
2428 186173.999   54.986355115   82.879941728   115.8079   2  19  20.7196  20.8578  53.0728   8.5176 -19.4368 -21.3786   0.00    0.0
2428 186174.999   54.986365822   82.880090325   115.5319   2  20  19.9018  21.8715  49.3962   5.1464 -19.5739 -15.5567   0.00    0.0
2428 186175.999   54.986367157   82.880223027   109.0102   2  19  20.3083   8.9696  42.9305 -10.8647  12.1090  11.2997   0.00    0.0
2428 186176.999   54.986383341   82.880354090   104.6153   2  19  21.1796   9.7073  47.8656 -11.5579  14.3379  11.1320   0.00    0.0
2428 186177.999   54.986392438   82.880507862   104.8132   2  19  20.7933   9.3221  46.6045 -11.1614  13.5293  11.4531   0.00    0.0
2428 186178.999   54.986418530   82.880673952   112.7832   2  18  22.1240   9.2154  49.0394 -11.3564  12.6412  16.1252   0.00    0.0
2428 186179.999   54.986413006   82.880839277   106.0428   2  19  20.0799   9.3290  47.0419 -10.9337  14.0440   9.9210   0.00    0.0
2428 186180.999   54.986406219   82.881015258   101.6370   2  19  21.0952  10.1995  50.2651 -11.9821  16.0998   6.2323   0.00    0.0
2428 186181.999   54.986413311   82.881209886   109.3119   2  20  19.6325   8.6207  44.0025 -10.1784  11.6135  13.5904   0.00    0.0
2428 186182.999   54.986431004   82.881384143   107.1938   2  20  19.7337   8.6487  44.2129 -10.2624  11.6851  13.4190   0.00    0.0
2428 186183.999   54.986452935   82.881564980   109.0509   2  19  22.9318   9.2277  49.9419 -11.4840  12.2033  18.3918   0.00    0.0
2428 186184.999   54.986451083   82.881762528   109.8912   2  19  22.4998   9.1475  50.0198 -11.2826  12.3364  17.9425   0.00    0.0
2428 186185.999   54.986478753   82.881941932   109.7204   2  20  21.6964   9.5690  47.2949 -11.7863  13.7036  10.9338   0.00    0.0
2428 186186.999   54.986463422   82.882148246   111.3489   2  19  22.6162   9.6128  50.1279 -11.8754  13.7427  14.6927   0.00    0.0
2428 186187.999   54.986493461   82.882332916   117.1644   2  20  24.3042  10.7728  55.8745 -13.2888  16.1542  14.6688   0.00    0.0
2428 186188.999   54.986504350   82.882518418   117.6441   2  19  24.9941   9.6688  52.7489 -12.5692  12.1878  20.3350   0.00    0.0
2428 186189.999   54.986526294   82.882702320   122.6863   2  19  26.6994  10.3557  54.9007 -13.8091  13.0327  20.2767   0.00    0.0
2428 186190.999   54.986525669   82.882845262   129.5803   2  20  24.9466  18.6218  55.1338  -5.9467 -11.3140  10.1574   0.00    0.0
2428 186191.999   54.986527477   82.883053217   130.9005   2  20  25.0094   9.3650  52.9468 -13.1830  13.4701  19.2279   0.00    0.0
2428 186192.999   54.986540553   82.883221252   133.5810   2  20  22.3802   8.9436  48.8666 -12.1951  13.7114  14.6728   0.00    0.0
2428 186193.999   54.986551755   82.883378418   136.1254   2  20  24.0665  10.7849  55.4316 -14.1837  18.5385  -1.6402   0.00    0.0
2428 186194.999   54.986574090   82.883517040   142.4387   2  20  23.0416   8.5142  47.2356 -12.1041  11.4884  17.9265   0.00    0.0
2428 186195.999   54.986550546   82.883632896   133.2561   2  20  24.4046   9.8803  54.8492 -13.4051  15.8243  15.2501   0.00    0.0
2428 186196.999   54.986555003   82.883734536   132.6614   2  20  24.0263   9.4297  53.6784 -12.9242  14.5600  17.1885   0.00    0.0
2428 186197.999   54.986547443   82.883802584   126.4891   2  20  22.9029   9.9975  57.2855 -12.8660  17.5431  12.5474   0.00    0.0
2428 186198.999   54.986567269   82.883822630   123.5553   2  20  21.6009   9.7333  52.4779 -12.5265  16.8296   7.9300   0.00    0.0
2428 186199.999   54.986541232   82.883859048   115.6932   2  20  19.4210   8.5528  42.8582 -11.2663  13.6556   6.7292   0.00    0.0
2428 186200.999   54.986544750   82.883892073   114.5259   2  19  14.7354   8.3127  28.9477 -10.5279  14.1746 -17.7155   0.00    0.0
2428 186201.999   54.986553463   82.883936769   114.5316   2  20  13.6593   7.6772  26.9739  -9.6552  12.9359 -15.9886   0.00    0.0
2428 186202.999   54.986577475   82.883963241   112.0843   2  19  12.4851   6.8918  24.7446  -8.6283  11.4392 -14.0007   0.00    0.0
2428 186203.999   54.986587978   82.883982741   112.3456   2  20  12.7477   7.1162  25.6886  -8.8939  11.9634 -14.6498   0.00    0.0
2428 186204.999   54.986580973   82.884003944   115.5953   2  19  12.3282   6.8130  24.6898  -8.5094  11.3342 -13.8315   0.00    0.0
2428 186205.999   54.986580734   82.884010553   115.9625   2  20  12.5291   6.9303  25.1349  -8.6751  11.5924 -14.2036   0.00    0.0
2428 186206.999   54.986599205   82.883998500   112.9485   2  19  13.8004   7.7353  28.2213  -9.7551  13.3641 -16.6300   0.00    0.0
2428 186207.999   54.986611135   82.883999700   112.6282   2  20  12.9422   7.2973  26.7210  -9.1025  12.4578 -15.2619   0.00    0.0
2428 186208.999   54.986668939   82.884001504   125.2481   2  20   3.6564   2.8169   8.0188  -1.5248   1.3127   1.3430   0.00    0.0
2428 186209.999   54.986712146   82.883998241   125.2380   2  20   3.6561   2.8170   8.0171  -1.5253   1.3134   1.3409   0.00    0.0
2428 186210.999   54.986769928   82.883988528   125.1651   2  20   3.6558   2.8173   8.0182  -1.5259   1.3147   1.3400   0.00    0.0
2428 186211.999   54.986839476   82.883977027   125.0180   2  20   3.6554   2.8176   8.0215  -1.5264   1.3166   1.3396   0.00    0.0
2428 186212.999   54.986917673   82.883963813   124.8347   2  19   3.6549   2.8180   8.0248  -1.5270   1.3187   1.3385   0.00    0.0
2428 186213.999   54.987002504   82.883951995   124.7819   2  19   3.6545   2.8183   8.0290  -1.5274   1.3218   1.3380   0.00    0.0
2428 186214.999   54.987092121   82.883937969   125.0464   2  18   3.6540   2.8187   8.0329  -1.5279   1.3241   1.3377   0.00    0.0
2428 186215.999   54.987186728   82.883924385   124.7429   2  20   3.6507   2.8190   8.0490  -1.5306   1.3133   1.3262   0.00    0.0
2428 186216.999   54.987281858   82.883906526   124.5439   2  18   3.6495   2.8194   8.0557  -1.5316   1.3128   1.3233   0.00    0.0
2428 186217.999   54.987377207   82.883888793   124.5718   2  19   3.6484   2.8198   8.0628  -1.5326   1.3126   1.3205   0.00    0.0
2428 186218.999   54.987474510   82.883875945   124.3892   2  15   3.6458   2.8208   8.0711  -1.5357   1.2910   1.3048   0.00    0.0
2428 186219.999   54.987572253   82.883861505   124.3631   2  14   3.6442   2.8210   8.0783  -1.5377   1.2859   1.2992   0.00    0.0
2428 186220.999   54.987671425   82.883847302   124.1265   2  19   3.6426   2.8211   8.0854  -1.5396   1.2803   1.2931   0.00    0.0
2428 186221.999   54.987768035   82.883831873   123.9594   2  19   3.6410   2.8215   8.0926  -1.5414   1.2749   1.2872   0.00    0.0
2428 186222.999   54.987862801   82.883817633   123.7856   2  19   3.6394   2.8218   8.0998  -1.5432   1.2696   1.2812   0.00    0.0
2428 186223.999   54.987955194   82.883804937   123.6601   2  19   3.6378   2.8219   8.1069  -1.5451   1.2643   1.2753   0.00    0.0
2428 186224.999   54.988044655   82.883792849   123.4672   2  19   3.6364   2.8222   8.1142  -1.5467   1.2589   1.2689   0.00    0.0
2428 186225.999   54.988130398   82.883779380   123.3203   2  19   3.6347   2.8224   8.1214  -1.5487   1.2536   1.2631   0.00    0.0
2428 186226.999   54.988212086   82.883768221   123.1457   2  19   3.6331   2.8227   8.1286  -1.5506   1.2481   1.2571   0.00    0.0
2428 186227.999   54.988285270   82.883757451   122.9689   2  20   3.6315   2.8228   8.1357  -1.5524   1.2428   1.2509   0.00    0.0
2428 186228.999   54.988347723   82.883743416   122.7594   2  19   3.6290   2.8229   8.1440  -1.5557   1.2331   1.2423   0.00    0.0
2428 186229.999   54.988397036   82.883706133   122.6455   2  20   3.6289   2.8234   8.1493  -1.5556   1.2401   1.2441   0.00    0.0
2428 186230.999   54.988431386   82.883643535   122.7342   2  20   3.6281   2.8203   8.1505  -1.5525   1.2425   1.2426   0.00    0.0
2428 186231.999   54.988460897   82.883535053   120.6134   2  20   8.7912  11.1747  15.2109  -9.4339  11.8512 -10.0649   0.00    0.0
2428 186232.999   54.988477429   82.883392826   117.0102   2  20   9.8082  12.6467  16.7729 -10.7123  13.5022 -11.4904   0.00    0.0
2428 186233.999   54.988414626   82.883314405   109.1044   2  20  15.8466  12.4612  34.9704 -10.4016  13.5461  16.1095   0.00    0.0
2428 186234.999   54.988416555   82.883215970   117.7721   2  20  19.9507  15.0659  40.1065 -13.5538  14.6891  19.5884   0.00    0.0
2428 186235.999   54.988397183   82.883091354   114.5418   2  20  18.2457  15.7726  36.0935 -13.4016  13.9218  12.9191   0.00    0.0
2428 186236.999   54.988370439   82.882955706   113.7038   2  20  15.7554   6.8077  32.6622  -5.8665  -7.1525  19.4510   0.00    0.0
2428 186237.999   54.988365479   82.882796403   115.0523   2  20   8.8463   6.6709  19.5548  -4.0886  -3.9488   6.0908   0.00    0.0
2428 186238.999   54.988355705   82.882632552   114.6857   2  20   8.8475   6.6709  19.5525  -4.0894  -3.9426   6.0895   0.00    0.0
2428 186239.999   54.988347130   82.882470756   114.6670   2  20   8.8488   6.6709  19.5503  -4.0902  -3.9365   6.0883   0.00    0.0
2428 186240.999   54.988339546   82.882330835   114.5428   2  20   8.8500   6.6709  19.5480  -4.0909  -3.9303   6.0869   0.00    0.0
2428 186241.999   54.988358040   82.882224379   106.7022   2  20  18.2395   6.8086  41.6208  -5.2594  -7.7935   8.2332   0.00    0.0
2428 186242.999   54.988347383   82.882109520   105.9899   2  20  18.4929  16.3072  41.1806  -8.5393  -9.3178   7.5317   0.00    0.0
2428 186243.999   54.988326109   82.882000917   110.4782   2  20  17.8783   6.6356  43.2259  -4.9889  -7.7204   5.5492   0.00    0.0
2428 186244.999   54.988314972   82.881895914   112.6370   2  20  19.5763   6.6295  41.6451  -5.2332  -7.3895   5.5761   0.00    0.0
2428 186245.999   54.988314677   82.881780506   114.0363   2  20  12.5100   6.5415  26.7711  -4.9160  -4.7561  13.3830   0.00    0.0
2428 186246.999   54.988305625   82.881655794   113.3190   2  20  14.6957   6.5940  31.0452  -5.5288  -5.9675  17.3296   0.00    0.0
2428 186247.999   54.988303883   82.881518089   114.2918   2  20  15.6938   6.6748  33.6400  -6.1071  -7.1006  19.2937   0.00    0.0
2428 186248.999   54.988294224   82.881370379   113.9941   2  20  15.8522   6.6419  33.5493  -5.9540  -6.7710  19.3884   0.00    0.0
2428 186249.999   54.988285723   82.881232987   117.6402   2  20  18.3148  14.4979  35.6044 -12.4917  11.2302  15.5284   0.00    0.0
2428 186250.999   54.988298819   82.881059949   110.2872   2  20  17.9722   7.6025  43.0964  -5.6249  -7.3913   8.3304   0.00    0.0
2428 186251.999   54.988276595   82.880894820   106.1401   2  20  16.1822   7.6278  34.6121  -5.9018  -7.6642  18.9990   0.00    0.0
2428 186252.999   54.988261935   82.880725669   103.9839   2  20  14.4255   7.5857  31.9348  -5.3826  -6.9161  16.1947   0.00    0.0
2428 186253.999   54.988282897   82.880543402   110.5973   2  20   6.7765   7.2804  20.4619   1.1887   3.5749  -7.1261   0.00    0.0
2428 186254.999   54.988274079   82.880360627   110.7023   2  20   6.7758   7.2808  20.4701   1.1825   3.5821  -7.1229   0.00    0.0
2428 186255.999   54.988268015   82.880162472   107.9803   2  20  12.3562  17.9752  47.0744  -4.7291  18.1171 -21.5840   0.00    0.0
2428 186256.999   54.988261099   82.879987516   107.4483   2  20  12.4056   3.0579  43.3077   1.0356  -4.2412 -21.2151   0.00    0.0
2428 186257.999   54.988248892   82.879805420   108.5539   2  20  13.9893   3.0815  49.5038   1.8918  -5.2233 -24.5978   0.00    0.0
2428 186258.999   54.988242039   82.879621582   107.4761   2  20  14.2328   3.0804  50.8334   1.9088  -5.2677 -25.2129   0.00    0.0
2428 186259.999   54.988232586   82.879437242   107.4768   2  20  12.8084   3.0605  45.0345   1.1848  -4.3891 -22.1192   0.00    0.0
2428 186260.999   54.988212678   82.879251392   112.0054   2  20  12.6247   3.0545  43.9472   0.9301  -4.1299 -21.6219   0.00    0.0
2428 186261.999   54.988201036   82.879065060   113.2440   2  20  12.7378   3.0574  44.9077   1.0512  -4.2674 -22.0051   0.00    0.0
2428 186262.999   54.988197096   82.878878594   111.2500   2  20  12.1817   3.0511  42.8338   0.5792  -3.9231 -20.8304   0.00    0.0
2428 186263.999   54.988186735   82.878689122   120.5083   2  20  19.0041   3.3528  49.1272  -4.2589  -7.1864  -9.9986   0.00    0.0
2428 186264.999   54.988180109   82.878503458   123.1982   2  19  24.0956   3.5145  48.6542  -5.6547  -8.1326   9.5038   0.00    0.0
2428 186265.999   54.988154821   82.878322639   118.6984   2  20  21.1250   3.4362  56.1294  -4.8364  -8.0412 -11.0838   0.00    0.0
2428 186266.999   54.988152545   82.878135580   120.3317   2  20  18.5927   3.3323  51.1065  -4.1597  -7.0310 -12.3661   0.00    0.0
2428 186267.999   54.988167873   82.877944033   127.5557   2  19  22.3076   3.4756  50.1079  -5.5984  -7.7610  10.4077   0.00    0.0
2428 186268.999   54.988142016   82.877761628   117.2284   2  20  17.9114   3.3281  47.5547  -4.3735  -6.7382  -5.8241   0.00    0.0
2428 186269.999   54.988134422   82.877574384   114.4025   2  20  17.5394   3.3026  45.8955  -4.2309  -6.3931  -7.2802   0.00    0.0
2428 186270.999   54.988117023   82.877387772   119.8668   2  20  21.3332   3.3994  53.0673  -4.8554  -7.4413 -10.9645   0.00    0.0
2428 186271.999   54.988089682   82.877210309   118.4010   2  20  20.2923   3.3809  51.0083  -4.7447  -7.2165  -8.9661   0.00    0.0
2428 186272.999   54.988088976   82.877041589   121.1401   2  20  20.1238   3.3654  51.2502  -4.6471  -7.0823 -10.5345   0.00    0.0
2428 186273.999   54.988089687   82.876889582   115.7654   2  19  21.0106   3.3781  51.5671  -4.8330  -7.1803  -9.4880   0.00    0.0
2428 186274.999   54.988091956   82.876755518   117.7905   2  19  22.3160   3.4100  52.4511  -5.0632  -7.4570  -9.2606   0.00    0.0
2428 186275.999   54.988107532   82.876648054   109.0721   2  19  22.6161   3.4643  45.5756  -5.4885  -7.6891  12.5713   0.00    0.0
2428 186276.999   54.988074995   82.876548051   113.1776   2  20   3.9305   3.0361   9.4186  -1.9078   1.3645  -2.2459   0.00    0.0
2428 186277.999   54.988071341   82.876447948   113.1658   2  20   3.9306   3.0363   9.4208  -1.9085   1.3689  -2.2442   0.00    0.0
2428 186278.999   54.988067654   82.876344751   112.6171   2  20   3.9309   3.0365   9.4238  -1.9092   1.3736  -2.2409   0.00    0.0
2428 186279.999   54.988063560   82.876236944   112.5146   2  20   3.9309   3.0368   9.4256  -1.9099   1.3786  -2.2410   0.00    0.0
2428 186280.999   54.988057748   82.876121193   112.4560   2  20   3.9309   3.0370   9.4277  -1.9105   1.3822  -2.2406   0.00    0.0
2428 186281.999   54.988050725   82.875996566   112.6234   2  20   3.9309   3.0371   9.4299  -1.9112   1.3860  -2.2404   0.00    0.0
2428 186282.999   54.988043090   82.875859967   112.2764   2  20   3.9312   3.0373   9.4329  -1.9118   1.3904  -2.2371   0.00    0.0
2428 186283.999   54.988035498   82.875711809   112.1610   2  19   3.9316   3.0376   9.4368  -1.9124   1.3943  -2.2338   0.00    0.0
2428 186284.999   54.988027485   82.875554384   112.0012   2  20   3.9320   3.0379   9.4401  -1.9134   1.3975  -2.2311   0.00    0.0
2428 186285.999   54.988019602   82.875390753   111.6378   2  19   3.9323   3.0381   9.4435  -1.9142   1.4008  -2.2282   0.00    0.0
2428 186286.999   54.988012123   82.875223073   111.6094   2  20   3.9319   3.0402   9.4287  -1.9138   1.3788  -2.2144   0.00    0.0
2428 186287.999   54.988005169   82.875043468   110.3792   2  19   3.9326   3.0442   9.4501  -1.9171   1.4162  -2.2182   0.00    0.0
2428 186288.999   54.987997959   82.874863480   109.9602   2  20   3.9327   3.0424   9.4445  -1.9168   1.3999  -2.2104   0.00    0.0
2428 186289.999   54.987989946   82.874680222   109.7839   2  20   3.9329   3.0426   9.4470  -1.9175   1.4036  -2.2082   0.00    0.0
2428 186290.999   54.987981808   82.874493209   109.6514   2  20   3.9331   3.0428   9.4497  -1.9182   1.4073  -2.2061   0.00    0.0
2428 186291.999   54.987973300   82.874305042   109.3739   2  20   3.9332   3.0430   9.4526  -1.9189   1.4110  -2.2037   0.00    0.0
2428 186292.999   54.987964320   82.874116272   109.2588   2  20   3.9336   3.0432   9.4584  -1.9197   1.4150  -2.1987   0.00    0.0
2428 186293.999   54.987954293   82.873927171   109.0719   2  20   3.9338   3.0434   9.4624  -1.9203   1.4191  -2.1955   0.00    0.0
2428 186294.999   54.987945068   82.873738179   108.8750   2  19   3.9341   3.0436   9.4663  -1.9211   1.4228  -2.1923   0.00    0.0
2428 186295.999   54.987918294   82.873590453   106.4064   2  19   5.7966   5.7360  15.2197  -2.9074   5.0268  -5.0628   0.00    0.0
2428 186296.999   54.987913731   82.873408199   106.1820   2  20   5.7965   5.7367  15.2258  -2.9084   5.0305  -5.0601   0.00    0.0
2428 186297.999   54.987905685   82.873231817   105.9509   2  20   5.7964   5.7375  15.2320  -2.9094   5.0342  -5.0574   0.00    0.0
2428 186298.999   54.987895078   82.873055283   105.7923   2  19   5.7964   5.7382  15.2381  -2.9105   5.0379  -5.0547   0.00    0.0
2428 186299.999   54.987885762   82.872876875   105.4890   2  20   5.7963   5.7389  15.2443  -2.9114   5.0417  -5.0520   0.00    0.0
2428 186300.999   54.987877933   82.872700100   105.2293   2  19   5.7962   5.7396  15.2505  -2.9124   5.0454  -5.0493   0.00    0.0
2428 186301.999   54.987870987   82.872534397   105.1119   2  19   5.7962   5.7404  15.2565  -2.9135   5.0490  -5.0466   0.00    0.0
2428 186302.999   54.987864091   82.872379339   104.6431   2  20   5.7958   5.7337  15.2636  -2.9114   5.0432  -5.0422   0.00    0.0
2428 186303.999   54.987885530   82.872270661   103.4250   2  20  14.5592  13.7458  51.0861  -2.4043  21.9942 -21.1335   0.00    0.0
2428 186304.999   54.987857939   82.872119643   103.3033   2  20  10.9850  12.2618  48.0456  -7.0585  18.8155 -22.3456   0.00    0.0
2428 186305.999   54.987875258   82.872014232    92.9628   2  20  11.6296  19.2925  50.6088  -4.9559  21.2524 -23.1991   0.00    0.0
2428 186306.999   54.987862595   82.871938182    96.1877   2  20  11.3810  18.6363  47.4721   1.2835  18.0617 -22.1441   0.00    0.0
2428 186307.999   54.987850506   82.871838976    97.4931   2  20  11.8791  18.2566  49.2049   1.1148  17.7109 -23.1571   0.00    0.0
2428 186308.999   54.987840894   82.871830677   102.1770   2  20   2.8780   2.2016   8.6846  -1.2902   1.6625  -4.1287   0.00    0.0
2428 186309.999   54.987841194   82.871813107   101.9964   2  19   2.8756   2.1996   8.6765  -1.2864   1.6479  -4.1228   0.00    0.0
2428 186310.999   54.987840935   82.871807685   101.9133   2  20   2.8753   2.1997   8.6786  -1.2873   1.6502  -4.1227   0.00    0.0
2428 186311.999   54.987840850   82.871805139   101.8621   2  20   2.8750   2.2000   8.6809  -1.2884   1.6528  -4.1228   0.00    0.0
2428 186312.999   54.987839981   82.871792310   101.9801   2  20   2.8750   2.2001   8.6827  -1.2895   1.6560  -4.1231   0.00    0.0
2428 186313.999   54.987838858   82.871765843   101.8869   2  20   2.8742   2.2003   8.6853  -1.2904   1.6603  -4.1222   0.00    0.0
2428 186314.999   54.987836724   82.871724618   101.8157   2  20   2.8738   2.2005   8.6877  -1.2915   1.6634  -4.1219   0.00    0.0
2428 186315.999   54.987834897   82.871675829   101.8131   2  19   2.8734   2.2009   8.6900  -1.2928   1.6669  -4.1216   0.00    0.0
2428 186316.999   54.987832319   82.871623133   101.7723   2  20   2.8725   2.2038   8.6879  -1.2941   1.6660  -4.1192   0.00    0.0
2428 186317.999   54.987830146   82.871570880   101.6275   2  20   2.8567   2.2032   8.6141  -1.2635   1.5435  -4.0760   0.00    0.0
2428 186318.999   54.987828112   82.871530111   101.6700   2  19   2.8563   2.2034   8.6168  -1.2648   1.5473  -4.0758   0.00    0.0
2428 186319.999   54.987826928   82.871500980   101.5312   2  20   2.8559   2.2037   8.6192  -1.2659   1.5506  -4.0755   0.00    0.0
2428 186320.999   54.987843468   82.871486869    93.8259   2  20   5.3606   2.2057  19.7467  -1.0749   0.7992  -9.8597   0.00    0.0
2428 186321.999   54.987841270   82.871477056    94.7354   2  20   2.3766   2.2062   4.4681  -1.1078   0.9639  -2.1873   0.00    0.0
2428 186322.999   54.987840630   82.871461362    94.7057   2  19   2.3766   2.2063   4.4693  -1.1085   0.9651  -2.1875   0.00    0.0
2428 186323.999   54.987839510   82.871439651    94.6900   2  20   2.3766   2.2065   4.4704  -1.1092   0.9663  -2.1874   0.00    0.0
2428 186324.999   54.987838814   82.871420701    94.5762   2  20   2.3765   2.2066   4.4720  -1.1099   0.9679  -2.1875   0.00    0.0
2428 186325.999   54.987838260   82.871412804    94.7263   2  20   2.3765   2.2067   4.4840  -1.1105   0.9687  -2.1872   0.00    0.0
2428 186326.999   54.987837935   82.871399654    94.5686   2  20   2.3763   2.2069   4.5057  -1.1108   0.9687  -2.1930   0.00    0.0
2428 186327.999   54.987837223   82.871391596    94.6383   2  20   2.3756   2.2074   4.5180  -1.1123   0.9728  -2.1947   0.00    0.0
2428 186328.999   54.987837284   82.871391511    94.6381   2  20   2.3755   2.2075   4.5193  -1.1129   0.9741  -2.1948   0.00    0.0
2428 186329.999   54.987837366   82.871391341    94.6092   2  19   2.3755   2.2076   4.5196  -1.1135   0.9750  -2.1947   0.00    0.0
2428 186330.999   54.987837263   82.871389087    94.5648   2  20   2.3754   2.2078   4.5209  -1.1142   0.9764  -2.1947   0.00    0.0
2428 186331.999   54.987836550   82.871374480    94.5631   2  20   2.3754   2.2079   4.5222  -1.1149   0.9781  -2.1947   0.00    0.0
2428 186332.999   54.987834848   82.871334150    94.6960   2  20   2.3753   2.2080   4.5237  -1.1155   0.9793  -2.1947   0.00    0.0
2428 186333.999   54.987832068   82.871277669    94.6218   2  20   2.3753   2.2082   4.5248  -1.1162   0.9808  -2.1947   0.00    0.0
2428 186334.999   54.987828710   82.871210435    94.3474   2  20   2.3752   2.2084   4.5255  -1.1168   0.9821  -2.1946   0.00    0.0
2428 186335.999   54.987825314   82.871133957    94.3534   2  20   2.3752   2.2085   4.5264  -1.1174   0.9833  -2.1946   0.00    0.0
2428 186336.999   54.987823000   82.871052118    94.4428   2  20   2.3751   2.2086   4.5278  -1.1181   0.9845  -2.1946   0.00    0.0
2428 186337.999   54.987821354   82.870964649    94.5079   2  20   2.3750   2.2088   4.5287  -1.1188   0.9860  -2.1945   0.00    0.0
2428 186338.999   54.987818828   82.870865579    94.5009   2  20   2.3750   2.2088   4.5320  -1.1194   0.9864  -2.1947   0.00    0.0
2428 186339.999   54.987815218   82.870754912    94.3490   2  20   2.3749   2.2090   4.5331  -1.1200   0.9875  -2.1947   0.00    0.0
2428 186340.999   54.987810150   82.870633749    94.1672   2  20   2.3749   2.2091   4.5343  -1.1207   0.9886  -2.1947   0.00    0.0
2428 186341.999   54.987803656   82.870502753    94.0005   2  20   2.3749   2.2093   4.5353  -1.1213   0.9896  -2.1946   0.00    0.0
2428 186342.999   54.987796140   82.870363531    93.7680   2  20   2.3748   2.2095   4.5360  -1.1220   0.9904  -2.1944   0.00    0.0
2428 186343.999   54.987787523   82.870218699    93.5502   2  20   2.3748   2.2095   4.5372  -1.1226   0.9916  -2.1945   0.00    0.0
2428 186344.999   54.987777918   82.870072466    93.4163   2  20   2.3748   2.2097   4.5383  -1.1233   0.9925  -2.1943   0.00    0.0
2428 186345.999   54.987770346   82.869922651    93.2163   2  20   2.3747   2.2098   4.5390  -1.1239   0.9935  -2.1944   0.00    0.0
2428 186346.999   54.987764808   82.869763770    93.0252   2  20   2.3747   2.2100   4.5407  -1.1245   0.9950  -2.1944   0.00    0.0
2428 186347.999   54.987759477   82.869598585    92.7604   2  20   2.3748   2.2115   4.5203  -1.1263   0.9714  -2.1868   0.00    0.0
2428 186348.999   54.987753693   82.869429567    92.5461   2  20   2.3743   2.2119   4.5199  -1.1264   0.9713  -2.1855   0.00    0.0
2428 186349.999   54.987746509   82.869258617    92.5029   2  20   2.3746   2.2126   4.5224  -1.1273   0.9731  -2.1836   0.00    0.0
2428 186350.999   54.987745506   82.869083159    89.3598   2  20   8.4411   2.2119  33.8234  -1.0054  -0.3240 -16.6227   0.00    0.0
2428 186351.999   54.987729248   82.868904625    94.4207   2  20  16.5287   2.5607  34.7830  -4.6376  -6.2386  20.1851   0.00    0.0
2428 186352.999   54.987731554   82.868722684    96.7133   2  19  16.0927   2.5353  34.4005  -4.4880  -6.0586  19.6541   0.00    0.0
2428 186353.999   54.987722042   82.868542681    96.4097   2  20  15.8530   2.5345  34.1410  -4.4516  -6.0220  19.3399   0.00    0.0
2428 186354.999   54.987719698   82.868360533    97.7743   2  20  16.3505   2.5595  35.2070  -4.6107  -6.2678  20.2100   0.00    0.0
2428 186355.999   54.987695454   82.868192677   107.6507   2  20  17.5243   7.2061  44.5777  -1.7379  -5.3667   7.5793   0.00    0.0
2428 186356.999   54.987684087   82.868010654   105.0221   2  20  17.1412   7.1426  44.4017   2.2021  -4.8071   2.6338   0.00    0.0
2428 186357.999   54.987676234   82.867827479   108.1688   2  20  19.5574   7.2017  51.7028  -2.3847  -4.6960  -6.3209   0.00    0.0
2428 186358.999   54.987670512   82.867641138   114.4080   2  20  21.7980   7.2293  63.9998  -4.0028  -2.2425 -10.9420   0.00    0.0
2428 186359.999   54.987677681   82.867454990   111.7783   2  19  22.5248   7.2559  50.7458  -3.2411  -7.3017   5.2042   0.00    0.0
2428 186360.999   54.987659033   82.867261663   114.6300   2  19  21.6023  16.4053  48.7232   6.0455 -11.0342   4.2848   0.00    0.0
2428 186361.999   54.987633359   82.867077198   109.8773   2  19  22.4807  17.5764  51.4950   5.7526  -9.2491   9.1814   0.00    0.0
2428 186362.999   54.987642312   82.866924062   108.1209   2  19  22.4824  17.2241  48.4452   7.6924 -12.6865   5.4450   0.00    0.0
2428 186363.999   54.987643310   82.866750757    96.1138   2  19  24.1220  17.9525  53.3005   9.6209 -14.4267   4.5069   0.00    0.0
2428 186364.999   54.987630054   82.866564108    91.6994   2  20  24.3551  19.9423  58.7851   8.9520 -13.9680  -8.1700   0.00    0.0
2428 186365.999   54.987620713   82.866376199    97.0176   2  20  27.2381  20.6990  65.8851  12.6906 -18.8120 -11.8684   0.00    0.0
2428 186366.999   54.987598085   82.866184062   104.3010   2  20  24.1612  19.0051  59.2934  12.1372 -16.0065 -11.8143   0.00    0.0
2428 186367.999   54.987591482   82.866023394   104.8164   2  20  22.2324  17.0027  52.8066   9.6409 -11.9744   8.3427   0.00    0.0
2428 186368.999   54.987570325   82.865844185   112.2370   2  20  20.6030  15.8030  46.6204   6.9338 -11.2333   9.5015   0.00    0.0
2428 186369.999   54.987549497   82.865648753   117.7887   2  20  20.9844  15.9444  47.1008   7.5788 -10.2871   9.3996   0.00    0.0
2428 186370.999   54.987552980   82.865474339    99.5058   2  20  18.8542  15.8700  44.7773   7.1687  -8.9321   0.6173   0.00    0.0
2428 186371.999   54.987549538   82.865330211    93.9210   2  20  18.2334  14.8860  49.1081   8.0579  -5.7720 -12.0609   0.00    0.0
2428 186372.999   54.987545352   82.865175579    88.3837   2  20  18.4732  15.4467  45.5636   7.3387  -9.3977  -7.4891   0.00    0.0
2428 186373.999   54.987520208   82.865076272    81.0162   2  20  19.9652  15.5926  48.8299   8.7669  -8.4878  10.7287   0.00    0.0
2428 186374.999   54.987507083   82.864980048    88.0642   2  19  24.2765  18.6361  56.6437  -4.6663 -16.0771  22.5307   0.00    0.0
2428 186375.999   54.987501297   82.864871301    86.1399   2  19  28.5417  18.9585  63.4360   3.3803 -14.5123  24.1985   0.00    0.0
2428 186376.999   54.987517400   82.864782022   100.8359   2  19  30.0963  19.8478  66.4407   8.6447 -17.2941  24.4516   0.00    0.0
2428 186377.999   54.987503361   82.864722735   110.2218   2  18  34.4200  25.3169  76.7104  17.4862 -24.1281  11.3797   0.00    0.0
2428 186378.999   54.987505057   82.864696554   139.8222   2  16  34.8027  20.8373  75.5214   7.9380 -22.1825  32.5028   0.00    0.0
2428 186379.999   54.987447945   82.864709357   136.4024   2  17  32.2832  17.8578  69.1622  10.4611 -16.6306  27.8266   0.00    0.0
2428 186380.999   54.987409994   82.864672713   123.4442   2  16  40.8488  16.4709  85.3832   9.8214 -20.5133  39.9624   0.00    0.0
2428 186381.999   54.987396479   82.864601152   136.8766   2  17  52.7267  17.9007  96.0669  13.7778 -25.4930  49.0030   0.00    0.0
2428 186382.999   54.987423299   82.864598242   138.7617   2  12  55.7884  10.2696  96.2161  -9.4502 -28.8367  57.5635   0.00    0.0
2428 186383.999   54.987435547   82.864597342   140.2304   2  16  46.0194   9.6899  84.2447  -5.3480 -26.3230  44.7721   0.00    0.0
2428 186384.999   54.987413156   82.864684170    95.0328   2  16  45.0049   3.4461  50.0271  -7.3117  -9.0977  46.0461   0.00    0.0
2428 186385.999   54.987447794   82.864682410    99.0516   2  12  52.1394   3.5030  57.2184  -8.3967 -10.0360  53.3983   0.00    0.0
2428 186386.999   54.987450518   82.864682406    99.4092   2  11  51.1513   3.4930  56.3108  -8.2371  -9.9014  52.4284   0.00    0.0
2428 186387.999   54.987475767   82.864680908   102.3965   2  15   8.9427   3.1779  18.4489   2.2680  -4.5706   8.3232   0.00    0.0
2428 186388.999   54.987475689   82.864680958   102.3419   2  11   8.9496   3.1773  18.4557   2.2698  -4.5665   8.3357   0.00    0.0
2428 186389.999   54.987475721   82.864681109   102.3395   2  16   8.9564   3.1766  18.4624   2.2715  -4.5624   8.3482   0.00    0.0
2428 186390.999   54.987475874   82.864681106   102.3700   2  15   8.9633   3.1760  18.4692   2.2733  -4.5582   8.3609   0.00    0.0
2428 186391.999   54.987475972   82.864681207   102.3556   2  14   8.9702   3.1753  18.4760   2.2750  -4.5541   8.3734   0.00    0.0
2428 186392.999   54.987476047   82.864681081   102.3923   2  16   8.9770   3.1746  18.4826   2.2768  -4.5499   8.3859   0.00    0.0
2428 186393.999   54.987476253   82.864681239   102.3967   2  16   8.9838   3.1740  18.4897   2.2786  -4.5458   8.3983   0.00    0.0
2428 186394.999   54.987476267   82.864681154   102.4094   2  16   8.9909   3.1734  18.4965   2.2804  -4.5416   8.4111   0.00    0.0
2428 186395.999   54.987476263   82.864681123   102.4439   2  15   8.9978   3.1727  18.5033   2.2822  -4.5374   8.4236   0.00    0.0
2428 186396.999   54.987476470   82.864681246   102.4603   2  16   9.0045   3.1721  18.5101   2.2840  -4.5333   8.4359   0.00    0.0
2428 186397.999   54.987476381   82.864681348   102.4129   2  16   9.0114   3.1714  18.5168   2.2858  -4.5291   8.4484   0.00    0.0
2428 186398.999   54.987476651   82.864681181   102.5111   2  16   9.0184   3.1707  18.5239   2.2876  -4.5249   8.4611   0.00    0.0
2428 186399.999   54.987476803   82.864681286   102.5423   2  16   9.0254   3.1701  18.5308   2.2895  -4.5207   8.4737   0.00    0.0
2428 186400.999   54.987477193   82.864681479   102.5173   2  16   9.0324   3.1695  18.5377   2.2913  -4.5164   8.4864   0.00    0.0
2428 186401.999   54.987476883   82.864681379   102.5076   2  16   9.0394   3.1688  18.5447   2.2931  -4.5122   8.4990   0.00    0.0
2428 186402.999   54.987476601   82.864681524   102.4504   2  17   9.0464   3.1682  18.5519   2.2950  -4.5081   8.5117   0.00    0.0
2428 186403.999   54.987475826   82.864681427   102.3322   2  16   9.0534   3.1675  18.5588   2.2969  -4.5038   8.5243   0.00    0.0
2428 186404.999   54.987476214   82.864681503   102.3597   2  15   9.0609   3.1669  18.5661   2.2989  -4.4994   8.5375   0.00    0.0
2428 186405.999   54.987475894   82.864681715   102.2261   2  15   9.0680   3.1663  18.5735   2.3007  -4.4953   8.5503   0.00    0.0
2428 186406.999   54.987475179   82.864681729   102.1250   2  15   9.0827   3.1656  18.5904   2.3035  -4.4898   8.5773   0.00    0.0
2428 186407.999   54.987476534   82.864683233   101.6472   2  16   9.0853   3.1655  18.5981   2.3046  -4.4893   8.5825   0.00    0.0
2428 186408.999   54.987476276   82.864683119   101.6513   2  14   9.0878   3.1652  18.6039   2.3054  -4.4877   8.5882   0.00    0.0
2428 186409.999   54.987476648   82.864683316   101.6336   2  14   9.0902   3.1650  18.6097   2.3061  -4.4862   8.5937   0.00    0.0
2428 186410.999   54.987477606   82.864684127   101.3536   2  16   9.0933   3.1647  18.6166   2.3072  -4.4847   8.6003   0.00    0.0
2428 186411.999   54.987443805   82.864676947    96.1043   2  15  41.0289  11.1561  94.5653  -4.1066 -30.7223  40.0228   0.00    0.0
2428 186412.999   54.987445477   82.864672925   113.6419   2  15  37.2538  18.3350  78.3983  12.2753 -22.5802  29.1750   0.00    0.0
2428 186413.999   54.987486233   82.864622917   139.3276   2  16  42.8669  22.9391  88.2472  -5.6479 -32.8811  43.1902   0.00    0.0
2428 186414.999   54.987501063   82.864652941   142.8448   2  17  41.7869  20.0882  77.4745  18.0889 -16.1072  32.4028   0.00    0.0
2428 186415.999   54.987510448   82.864631431   147.3079   2  15  35.3535  15.0255  64.3778  10.7934 -11.6777  32.9323   0.00    0.0
2428 186416.999   54.987507034   82.864662086   145.9079   2  18  34.0623  15.2284  65.2445   9.4848 -11.5677  33.0524   0.00    0.0
2428 186417.999   54.987506904   82.864690860   139.1399   2  17  39.4037  16.0911  73.8126   8.6601  -8.5789  41.2102   0.00    0.0
2428 186418.999   54.987536326   82.864686443   132.0319   2  18  36.2012  15.8352  67.3311  10.3221 -14.0756  33.6419   0.00    0.0
2428 186419.999   54.987511590   82.864679678   135.0882   2  16  25.8965  16.4812  73.7480 -17.6751 -24.6983  33.4339   0.00    0.0
2428 186420.999   54.987562808   82.864610818   133.0427   2  15  33.1240  23.9269  76.6728 -25.9464 -33.8882  41.5442   0.00    0.0
2428 186421.999   54.987540097   82.864638238   121.3628   2  12  40.1522  27.4580 103.1951 -31.3935 -44.6206  55.8446   0.00    0.0
2428 186422.999   54.987537172   82.864652215   139.6482   2  18  37.0275  26.0102 112.4681 -29.0536 -42.0526  52.3373   0.00    0.0
2428 186423.999   54.987535232   82.864656182   144.1109   2  12  71.2681  51.7495 168.5329 -59.7244 -82.6443  98.7297   0.00    0.0
2428 186424.999   54.987530885   82.864664063   150.6094   2  15  46.1217  33.1453 124.3621 -37.5205 -50.6540  62.3325   0.00    0.0
2428 186425.999   54.987532747   82.864665263   161.5584   2  17  30.8403  21.9323  91.9485 -23.5904 -29.9950  38.6367   0.00    0.0
2428 186426.999   54.987536441   82.864661188   165.7470   2  17  26.1803  17.8432  78.3796 -18.6855 -24.6744  32.6289   0.00    0.0
2428 186427.999   54.987515199   82.864684887   148.4444   2  16  28.2570  19.1344  83.6883 -20.5479 -26.2743  35.5021   0.00    0.0
2428 186428.999   54.987519107   82.864665710   105.8915   2  17  29.1452  20.6326  84.5388 -21.9443 -25.8951  34.2354   0.00    0.0
2428 186429.999   54.987548694   82.864627044   109.0351   2  18  29.3227  20.8135  87.8890 -22.1434 -25.9888  34.4756   0.00    0.0
2428 186430.999   54.987562240   82.864606225   108.6573   2  15  29.4620  20.9885  82.3793 -22.3191 -26.7832  35.1003   0.00    0.0
2428 186431.999   54.987572232   82.864604231    98.8844   2  13  57.0781  21.1077  80.8450  20.7672  -6.5115  53.9153   0.00    0.0
2428 186432.999   54.987590950   82.864660148   116.3543   2  17  52.9548  23.4153 102.9914  16.7709 -17.5201  49.1012   0.00    0.0
2428 186433.999   54.987532611   82.864641342   120.5411   2  15  80.0868  28.8883 155.0423 -14.3589 -26.3388  92.0946   0.00    0.0
% postls : postls float kinematic-window: epochs=739 windows=13 failed=0 dt=30.0
