% (lat/lon/height=WGS84/ellipsoidal,Q=1:fix,2:float,3:sbas,4:dgps,5:single,6:ppp,ns=# of satellites)
%  GPST          latitude(deg) longitude(deg)  height(m)   Q  ns   sdn(m)   sde(m)   sdu(m)  sdne(m)  sdeu(m)  sdun(m) age(s)  ratio
2428 185870.000   54.987893252   82.864456205    67.8611   2  15   1.8948   2.6857   4.4361   1.3027  -1.3726  -0.3008   0.00    0.0
2428 185871.000   54.987893228   82.864456073    67.8722   2  15   1.8946   2.6857   4.4366   1.3024  -1.3727  -0.2978   0.00    0.0
2428 185872.000   54.987893222   82.864455980    67.8670   2  15   1.8944   2.6857   4.4370   1.3022  -1.3727  -0.2957   0.00    0.0
2428 185873.000   54.987893203   82.864455942    67.8624   2  14   1.8942   2.6857   4.4373   1.3018  -1.3727  -0.2937   0.00    0.0
2428 185874.000   54.987893194   82.864455809    67.8620   2  14   1.8940   2.6857   4.4378   1.3015  -1.3727  -0.2910   0.00    0.0
2428 185875.000   54.987893145   82.864455710    67.8778   2  14   1.8939   2.6857   4.4382   1.3013  -1.3728  -0.2880   0.00    0.0
2428 185876.000   54.987893076   82.864455655    67.9047   2  14   1.8937   2.6858   4.4386   1.3010  -1.3727  -0.2854   0.00    0.0
2428 185877.000   54.987892979   82.864455536    67.9247   2  14   1.8935   2.6858   4.4391   1.3007  -1.3727  -0.2827   0.00    0.0
2428 185878.000   54.987892950   82.864455462    67.9437   2  14   1.8933   2.6858   4.4395   1.3004  -1.3727  -0.2802   0.00    0.0
2428 185879.000   54.987892927   82.864455434    67.9561   2  14   1.8931   2.6858   4.4399   1.3001  -1.3726  -0.2776   0.00    0.0
2428 185880.000   54.987892950   82.864455348    67.9499   2  14   1.8929   2.6858   4.4403   1.2999  -1.3726  -0.2752   0.00    0.0
2428 185881.000   54.987892909   82.864455280    67.9499   2  14   1.8927   2.6858   4.4407   1.2996  -1.3725  -0.2725   0.00    0.0
2428 185882.000   54.987892852   82.864455217    67.9601   2  14   1.8925   2.6858   4.4411   1.2993  -1.3725  -0.2703   0.00    0.0
2428 185883.000   54.987892848   82.864455098    67.9781   2  14   1.8923   2.6859   4.4415   1.2990  -1.3724  -0.2679   0.00    0.0
2428 185884.000   54.987892795   82.864454985    68.0028   2  14   1.8921   2.6859   4.4418   1.2987  -1.3725  -0.2655   0.00    0.0
2428 185885.000   54.987892722   82.864454947    68.0106   2  14   1.8919   2.6859   4.4423   1.2984  -1.3724  -0.2630   0.00    0.0
2428 185886.000   54.987892722   82.864454875    68.0196   2  14   1.8917   2.6859   4.4427   1.2981  -1.3724  -0.2605   0.00    0.0
2428 185887.000   54.987892694   82.864454795    68.0221   2  14   1.8915   2.6859   4.4432   1.2978  -1.3724  -0.2567   0.00    0.0
2428 185888.000   54.987892691   82.864455500    67.9761   2  14   1.8931   2.6859   4.4438   1.2988  -1.3722  -0.2312   0.00    0.0
2428 185889.000   54.987892639   82.864458092    67.8067   2  11   1.8930   2.6861   4.4425   1.2994  -1.3694  -0.2518   0.00    0.0
2428 185890.000   54.987894018   82.864458107    67.8318   2  12   1.8931   2.6862   4.4419   1.2990  -1.3679  -0.2609   0.00    0.0
2428 185891.000   54.987903336   82.864457528    68.7057   2   9   1.8958   2.6863   4.4301   1.2974  -1.3678  -0.2829   0.00    0.0
2428 185892.000   54.987907385   82.864458959    68.7074   2   9   1.8951   2.6864   4.4294   1.2961  -1.3696  -0.2814   0.00    0.0
2428 185893.000   54.987908078   82.864458926    68.8280   2   9   1.8957   2.6864   4.4299   1.2961  -1.3694  -0.2698   0.00    0.0
2428 185894.000   54.987909438   82.864458272    69.3382   2  12   1.8988   2.6861   4.4303   1.2987  -1.3655  -0.2829   0.00    0.0
2428 185895.000   54.987909499   82.864458143    69.3336   2  13   1.8988   2.6861   4.4303   1.2984  -1.3657  -0.2782   0.00    0.0
2428 185896.000   54.987909481   82.864458045    69.1919   2  13   1.8985   2.6861   4.4310   1.2983  -1.3675  -0.2704   0.00    0.0
2428 185897.000   54.987909407   82.864457939    69.2057   2  13   1.8983   2.6861   4.4314   1.2980  -1.3676  -0.2668   0.00    0.0
2428 185898.000   54.987909347   82.864457823    69.2318   2  13   1.8982   2.6861   4.4320   1.2976  -1.3677  -0.2630   0.00    0.0
2428 185899.000   54.987910009   82.864458084    69.2713   2  13   1.8980   2.6861   4.4326   1.2972  -1.3678  -0.2573   0.00    0.0
2428 185900.000   54.987912728   82.864459122    69.4295   2  13   1.8980   2.6854   4.4335   1.2969  -1.3664  -0.2623   0.00    0.0
2428 185901.000   54.987916984   82.864461386    69.5087   2  12   1.8971   2.6854   4.4325   1.2956  -1.3644  -0.2404   0.00    0.0
2428 185902.000   54.987922571   82.864463408    69.6302   2  12   1.8965   2.6854   4.4334   1.2946  -1.3647  -0.2350   0.00    0.0
2428 185903.000   54.987927635   82.864467606    70.0389   2  11   1.8964   2.6855   4.4343   1.2941  -1.3647  -0.2260   0.00    0.0
2428 185904.000   54.987930173   82.864469912    70.0794   2  10   1.8965   2.6854   4.4353   1.2937  -1.3644  -0.2194   0.00    0.0
2428 185905.000   54.987931570   82.864468784    69.3902   2   8   1.8933   2.6849   4.4409   1.2952  -1.3677  -0.2282   0.00    0.0
2428 185906.000   54.987929398   82.864465619    69.9975   2  10   1.8960   2.6850   4.4390   1.2940  -1.3657  -0.2681   0.00    0.0
2428 185907.000   54.987927175   82.864449384    69.4911   2  11   1.8961   2.6850   4.4396   1.2934  -1.3657  -0.2653   0.00    0.0
2428 185908.000   54.987916095   82.864435371    73.9034   2  10   1.8733   2.6944   4.7621   1.2961  -1.2157  -0.4890   0.00    0.0
2428 185909.000   54.987912721   82.864389097    73.9922   2  11   1.8728   2.6949   4.7496   1.2954  -1.2190  -0.5014   0.00    0.0
2428 185910.000   54.987905995   82.864319471    73.4837   2  11   1.8727   2.6949   4.7551   1.2950  -1.2194  -0.5043   0.00    0.0
2428 185911.000   54.987899269   82.864230382    73.6280   2  12   1.8725   2.6947   4.7633   1.2950  -1.2209  -0.5101   0.00    0.0
2428 185912.000   54.987892627   82.864124673    73.3923   2  12   1.8721   2.6948   4.7664   1.2946  -1.2215  -0.5146   0.00    0.0
2428 185913.000   54.987885666   82.864004160    73.2530   2  13   1.8723   2.6948   4.7695   1.2942  -1.2216  -0.5152   0.00    0.0
2428 185914.000   54.987878515   82.863872599    73.0854   2  13   1.8719   2.6949   4.7721   1.2936  -1.2216  -0.5112   0.00    0.0
2428 185915.000   54.987871051   82.863731853    73.1946   2  13   1.8712   2.6949   4.7749   1.2930  -1.2216  -0.5065   0.00    0.0
2428 185916.000   54.987863077   82.863585100    73.1204   2  13   1.8707   2.6947   4.7846   1.2926  -1.2215  -0.5101   0.00    0.0
2428 185917.000   54.987850611   82.863442367    75.1967   2  13   1.8959   2.7062   4.9863   1.2619  -1.0695  -0.8307   0.00    0.0
2428 185918.000   54.987843439   82.863294934    75.2192   2  12   5.3524   3.8809  20.9395  -3.6284   7.5672 -10.1438   0.00    0.0
2428 185919.000   54.987836426   82.863145602    74.7538   2  10   5.3821   3.9096  20.9836  -3.6653   7.6119 -10.1850   0.00    0.0
2428 185920.000   54.987816215   82.863017574    79.8556   2  11   5.3597   3.8852  21.0323  -3.6362   7.5973 -10.1754   0.00    0.0
2428 185921.000   54.987809002   82.862872373    79.6610   2  14   5.3574   3.8842  21.0347  -3.6344   7.5953 -10.1734   0.00    0.0
2428 185922.000   54.987803164   82.862732525    79.5718   2  12   5.3459   3.8743  21.0397  -3.6203   7.5752 -10.1618   0.00    0.0
2428 185923.000   54.987797105   82.862603127    79.4727   2   9   5.3452   3.8752  21.0399  -3.6208   7.5768 -10.1610   0.00    0.0
2428 185924.000   54.987790058   82.862481434    79.4471   2  15   5.3438   3.8751  21.0373  -3.6201   7.5760 -10.1590   0.00    0.0
2428 185925.000   54.987783031   82.862369661    79.3764   2  17   5.3433   3.8762  21.0394  -3.6210   7.5785 -10.1590   0.00    0.0
2428 185926.000   54.987778105   82.862273871    79.3273   2  17   5.3435   3.8781  21.0402  -3.6232   7.5825 -10.1594   0.00    0.0
2428 185927.000   54.987772892   82.862186503    79.2830   2  17   5.3430   3.8787  21.0432  -3.6236   7.5840 -10.1595   0.00    0.0
2428 185928.000   54.987763334   82.862108747    79.3305   2  17   5.3424   3.8792  21.0463  -3.6240   7.5855 -10.1596   0.00    0.0
2428 185929.000   54.987745669   82.862047167    79.3482   2  19   5.3419   3.8797  21.0493  -3.6244   7.5870 -10.1597   0.00    0.0
2428 185930.000   54.987305328   82.862131660    82.0745   2  19   0.7790   1.2520   1.0909   0.6498  -0.5285  -0.6128   0.00    0.0
2428 185931.000   54.987267834   82.862124929    82.1699   2  18   0.7789   1.2520   1.0909   0.6497  -0.5286  -0.6127   0.00    0.0
2428 185932.000   54.987219297   82.862127550    82.3583   2  18   0.7789   1.2520   1.0908   0.6496  -0.5287  -0.6126   0.00    0.0
2428 185933.000   54.987164653   82.862137889    82.4834   2  19   0.7789   1.2519   1.0908   0.6495  -0.5288  -0.6125   0.00    0.0
2428 185934.000   54.987104556   82.862149618    82.5983   2  19   0.7788   1.2519   1.0908   0.6494  -0.5289  -0.6123   0.00    0.0
2428 185935.000   54.987038684   82.862161490    82.8012   2  18   0.7788   1.2519   1.0908   0.6492  -0.5289  -0.6122   0.00    0.0
2428 185936.000   54.986968283   82.862171890    82.9771   2  18   0.7788   1.2520   1.0909   0.6490  -0.5287  -0.6123   0.00    0.0
2428 185937.000   54.986894188   82.862183369    83.1445   2  17   0.7788   1.2520   1.0909   0.6489  -0.5288  -0.6122   0.00    0.0
2428 185938.000   54.986817212   82.862195505    83.3521   2  16   0.7785   1.2526   1.0917   0.6484  -0.5274  -0.6121   0.00    0.0
2428 185939.000   54.986737602   82.862206288    83.5185   2  17   0.7785   1.2526   1.0916   0.6482  -0.5274  -0.6119   0.00    0.0
2428 185940.000   54.986655549   82.862218013    83.6741   2  17   0.7784   1.2525   1.0915   0.6481  -0.5274  -0.6116   0.00    0.0
2428 185941.000   54.986571422   82.862229951    83.8098   2  19   0.7780   1.2525   1.0903   0.6479  -0.5273  -0.6105   0.00    0.0
2428 185942.000   54.986485975   82.862242813    83.9552   2  19   0.7779   1.2525   1.0905   0.6477  -0.5271  -0.6103   0.00    0.0
2428 185943.000   54.986400443   82.862255421    84.1397   2  19   0.7778   1.2525   1.0905   0.6476  -0.5272  -0.6101   0.00    0.0
2428 185944.000   54.986315425   82.862268426    84.3147   2  19   0.7777   1.2524   1.0905   0.6474  -0.5271  -0.6098   0.00    0.0
2428 185945.000   54.986230465   82.862281897    84.4505   2  19   0.7776   1.2524   1.0905   0.6472  -0.5271  -0.6096   0.00    0.0
2428 185946.000   54.986145528   82.862293465    84.6231   2  19   0.7773   1.2524   1.0905   0.6470  -0.5270  -0.6091   0.00    0.0
2428 185947.000   54.986064054   82.862302696    84.7835   2  19   0.7772   1.2524   1.0905   0.6469  -0.5271  -0.6089   0.00    0.0
2428 185948.000   54.985988012   82.862311766    84.8941   2  19   0.7770   1.2518   1.0899   0.6461  -0.5259  -0.6083   0.00    0.0
2428 185949.000   54.985917977   82.862320456    84.9997   2  19   0.7768   1.2518   1.0899   0.6459  -0.5260  -0.6079   0.00    0.0
2428 185950.000   54.985853304   82.862329029    85.0753   2  19   0.7767   1.2518   1.0899   0.6458  -0.5260  -0.6078   0.00    0.0
2428 185951.000   54.985794291   82.862337176    85.1648   2  19   0.7767   1.2516   1.0900   0.6456  -0.5261  -0.6076   0.00    0.0
2428 185952.000   54.985742222   82.862342939    85.2404   2  19   0.7766   1.2516   1.0900   0.6455  -0.5262  -0.6074   0.00    0.0
2428 185953.000   54.985703407   82.862347652    85.3246   2  19   0.7766   1.2516   1.0901   0.6454  -0.5263  -0.6072   0.00    0.0
2428 185954.000   54.985678620   82.862350542    85.3646   2  20   0.7761   1.2516   1.0892   0.6452  -0.5261  -0.6057   0.00    0.0
2428 185955.000   54.985663097   82.862352362    85.4002   2  20   0.7760   1.2516   1.0892   0.6451  -0.5262  -0.6056   0.00    0.0
2428 185956.000   54.985654608   82.862353508    85.3826   2  20   0.7761   1.2516   1.0871   0.6452  -0.5262  -0.6049   0.00    0.0
2428 185957.000   54.985645350   82.862354663    85.3886   2  20   0.7760   1.2516   1.0872   0.6451  -0.5263  -0.6048   0.00    0.0
2428 185958.000   54.985634251   82.862355933    85.4027   2  20   0.7760   1.2516   1.0872   0.6450  -0.5264  -0.6046   0.00    0.0
2428 185959.000   54.985621698   82.862357572    85.4192   2  20   0.7759   1.2516   1.0873   0.6449  -0.5265  -0.6045   0.00    0.0
2428 185960.000   54.985608776   82.862359146    85.4424   2  20   0.7759   1.2516   1.0873   0.6448  -0.5266  -0.6044   0.00    0.0
2428 185961.000   54.985596851   82.862360625    85.4438   2  20   0.7758   1.2516   1.0873   0.6447  -0.5267  -0.6043   0.00    0.0
2428 185962.000   54.985589017   82.862361513    85.4447   2  20   0.7758   1.2517   1.0874   0.6446  -0.5268  -0.6042   0.00    0.0
2428 185963.000   54.985584353   82.862362122    85.4464   2  20   0.7757   1.2517   1.0874   0.6445  -0.5269  -0.6041   0.00    0.0
2428 185964.000   54.985580055   82.862362695    85.4384   2  20   0.7757   1.2517   1.0875   0.6444  -0.5270  -0.6039   0.00    0.0
2428 185965.000   54.985576841   82.862363113    85.4326   2  20   0.7756   1.2517   1.0875   0.6444  -0.5271  -0.6038   0.00    0.0
2428 185966.000   54.985573616   82.862363514    85.4327   2  20   0.7755   1.2517   1.0875   0.6443  -0.5272  -0.6037   0.00    0.0
2428 185967.000   54.985571262   82.862363819    85.4389   2  20   0.7755   1.2517   1.0876   0.6442  -0.5274  -0.6036   0.00    0.0
2428 185968.000   54.985568159   82.862364202    85.4425   2  20   0.7754   1.2517   1.0876   0.6441  -0.5275  -0.6035   0.00    0.0
2428 185969.000   54.985562746   82.862364970    85.4474   2  20   0.7754   1.2517   1.0877   0.6440  -0.5276  -0.6033   0.00    0.0
2428 185970.000   54.985557217   82.862365813    85.4412   2  20   0.7753   1.2517   1.0877   0.6439  -0.5277  -0.6032   0.00    0.0
2428 185971.000   54.985551889   82.862366528    85.4193   2  20   0.7753   1.2517   1.0877   0.6438  -0.5278  -0.6031   0.00    0.0
2428 185972.000   54.985544205   82.862367909    85.4138   2  20   0.7752   1.2517   1.0878   0.6437  -0.5279  -0.6030   0.00    0.0
2428 185973.000   54.985533740   82.862371299    85.4302   2  20   0.7752   1.2517   1.0878   0.6437  -0.5280  -0.6029   0.00    0.0
2428 185974.000   54.985518502   82.862387709    85.4545   2  20   0.7751   1.2517   1.0878   0.6436  -0.5281  -0.6027   0.00    0.0
2428 185975.000   54.985504812   82.862430344    85.4822   2  20   0.7751   1.2517   1.0879   0.6435  -0.5282  -0.6026   0.00    0.0
2428 185976.000   54.985499644   82.862499514    85.5464   2  20   0.7750   1.2518   1.0879   0.6434  -0.5283  -0.6025   0.00    0.0
2428 185977.000   54.985499436   82.862588287    85.6448   2  20   0.7750   1.2518   1.0879   0.6432  -0.5285  -0.6024   0.00    0.0
2428 185978.000   54.985504729   82.862689897    85.7120   2  19   0.7749   1.2518   1.0880   0.6431  -0.5286  -0.6023   0.00    0.0
2428 185979.000   54.985513050   82.862800229    85.7994   2  19   0.7750   1.2518   1.0878   0.6431  -0.5285  -0.6022   0.00    0.0
2428 185980.000   54.985522393   82.862922249    85.8793   2  17   0.7751   1.2519   1.0886   0.6425  -0.5298  -0.6015   0.00    0.0
2428 185981.000   54.985532700   82.863057777    85.9660   2  17   0.7751   1.2519   1.0887   0.6424  -0.5300  -0.6014   0.00    0.0
2428 185982.000   54.985543484   82.863205495    86.0478   2  17   0.7751   1.2519   1.0887   0.6424  -0.5301  -0.6013   0.00    0.0
2428 185983.000   54.985554440   82.863364634    86.1441   2  17   0.7750   1.2519   1.0888   0.6423  -0.5303  -0.6011   0.00    0.0
2428 185984.000   54.985564765   82.863532900    86.2150   2  17   0.7750   1.2519   1.0888   0.6421  -0.5304  -0.6010   0.00    0.0
2428 185985.000   54.985573577   82.863707469    86.3672   2  17   0.7750   1.2519   1.0889   0.6420  -0.5305  -0.6009   0.00    0.0
2428 185986.000   54.985581652   82.863888118    86.3784   2  17   0.7750   1.2519   1.0878   0.6421  -0.5313  -0.6006   0.00    0.0
2428 185987.000   54.985589881   82.864073479    86.5109   2  16   0.7749   1.2521   1.0877   0.6409  -0.5337  -0.6005   0.00    0.0
2428 185988.000   54.985597821   82.864256854    86.6889   2  16   0.7749   1.2521   1.0877   0.6408  -0.5339  -0.6004   0.00    0.0
2428 185989.000   54.985606684   82.864438214    86.6383   2  16   0.7748   1.2522   1.0878   0.6406  -0.5342  -0.6002   0.00    0.0
2428 185990.000   54.985664181   82.864631366    85.8954   2  16   1.0137   1.8032   1.1650   0.3953   0.6139  -0.6571   0.00    0.0
2428 185991.000   54.985674748   82.864814137    85.9672   2  16   1.0137   1.8033   1.1648   0.3949   0.6133  -0.6568   0.00    0.0
2428 185992.000   54.985685344   82.864998146    86.1347   2  16   1.0137   1.8034   1.1646   0.3945   0.6127  -0.6566   0.00    0.0
2428 185993.000   54.985695193   82.865182738    86.5003   2  15   1.0142   1.8033   1.1668   0.3939   0.6151  -0.6599   0.00    0.0
2428 185994.000   54.985705071   82.865369057    86.6734   2  15   1.0142   1.8036   1.1668   0.3928   0.6149  -0.6593   0.00    0.0
2428 185995.000   54.985714836   82.865554555    86.9132   2  14   1.0139   1.8037   1.1672   0.3920   0.6146  -0.6585   0.00    0.0
2428 185996.000   54.985724753   82.865740352    87.0737   2  15   1.0135   1.8038   1.1649   0.3918   0.6112  -0.6559   0.00    0.0
2428 185997.000   54.985734721   82.865926768    87.3549   2  17   1.0135   1.8039   1.1642   0.3914   0.6105  -0.6555   0.00    0.0
2428 185998.000   54.985744532   82.866113495    87.5862   2  17   1.0135   1.8040   1.1641   0.3910   0.6099  -0.6552   0.00    0.0
2428 185999.000   54.985754275   82.866298709    87.8677   2  17   1.0134   1.8040   1.1640   0.3905   0.6095  -0.6549   0.00    0.0
2428 186000.000   54.985764022   82.866480039    88.1494   2  17   1.0134   1.8042   1.1639   0.3900   0.6089  -0.6546   0.00    0.0
2428 186001.000   54.985773235   82.866658504    88.4819   2  15   1.0131   1.8042   1.1644   0.3891   0.6085  -0.6542   0.00    0.0
2428 186002.000   54.985781567   82.866834003    88.8633   2  15   1.0131   1.8043   1.1642   0.3887   0.6079  -0.6539   0.00    0.0
2428 186003.000   54.985789181   82.867007339    89.1086   2  16   1.0119   1.8046   1.1640   0.3871   0.6046  -0.6552   0.00    0.0
2428 186004.000   54.985796635   82.867176445    89.3551   2  16   1.0119   1.8046   1.1639   0.3869   0.6042  -0.6550   0.00    0.0
2428 186005.000   54.985803389   82.867332383    89.6102   2  16   1.0108   1.8047   1.1645   0.3878   0.6034  -0.6561   0.00    0.0
2428 186006.000   54.985809541   82.867466394    89.7859   2  16   1.0105   1.8048   1.1644   0.3873   0.6031  -0.6555   0.00    0.0
2428 186007.000   54.985814907   82.867584512    90.0107   2  16   1.0104   1.8048   1.1642   0.3867   0.6032  -0.6547   0.00    0.0
2428 186008.000   54.985819823   82.867694879    90.2236   2  18   1.0102   1.8050   1.1639   0.3859   0.6037  -0.6547   0.00    0.0
2428 186009.000   54.985824850   82.867807551    90.3999   2  18   1.0100   1.8052   1.1640   0.3852   0.6039  -0.6543   0.00    0.0
2428 186010.000   54.985830696   82.867925200    90.5682   2  18   1.0100   1.8053   1.1639   0.3849   0.6035  -0.6541   0.00    0.0
2428 186011.000   54.985836709   82.868049604    90.7711   2  19   1.0099   1.8054   1.1638   0.3847   0.6031  -0.6539   0.00    0.0
2428 186012.000   54.985843692   82.868180294    90.9467   2  18   1.0099   1.8055   1.1637   0.3844   0.6025  -0.6535   0.00    0.0
2428 186013.000   54.985851536   82.868318485    91.1657   2  17   1.0099   1.8055   1.1636   0.3840   0.6023  -0.6534   0.00    0.0
2428 186014.000   54.985859610   82.868463997    91.3488   2  17   1.0099   1.8056   1.1635   0.3835   0.6020  -0.6531   0.00    0.0
2428 186015.000   54.985867720   82.868616364    91.5678   2  16   1.0099   1.8057   1.1633   0.3832   0.6016  -0.6529   0.00    0.0
2428 186016.000   54.985875463   82.868774999    91.6965   2  16   1.0090   1.8059   1.1629   0.3833   0.5987  -0.6494   0.00    0.0
2428 186017.000   54.985883226   82.868938862    91.7946   2  17   1.0089   1.8060   1.1626   0.3830   0.5982  -0.6488   0.00    0.0
2428 186018.000   54.985891280   82.869108280    92.0114   2  17   1.0079   1.8058   1.1667   0.3805   0.6028  -0.6455   0.00    0.0
2428 186019.000   54.985900120   82.869280471    91.9859   2  15   1.0075   1.8058   1.1713   0.3775   0.6077  -0.6460   0.00    0.0
2428 186020.000   54.985908241   82.869453179    92.1800   2  15   1.0076   1.8059   1.1715   0.3771   0.6077  -0.6460   0.00    0.0
2428 186021.000   54.985913491   82.869622401    92.4859   2  16   1.0088   1.8062   1.1744   0.3735   0.6126  -0.6498   0.00    0.0
2428 186022.000   54.985914739   82.869787006    92.6296   2  15   1.0101   1.8057   1.1774   0.3722   0.6166  -0.6548   0.00    0.0
2428 186023.000   54.985913968   82.869945625    92.7944   2  15   1.0101   1.8057   1.1770   0.3721   0.6155  -0.6544   0.00    0.0
2428 186024.000   54.985914494   82.870093614    92.9613   2  15   1.0100   1.8058   1.1767   0.3718   0.6150  -0.6539   0.00    0.0
2428 186025.000   54.985918863   82.870222843    93.1057   2  16   1.0096   1.8060   1.1735   0.3715   0.6098  -0.6508   0.00    0.0
2428 186026.000   54.985923416   82.870327639    93.1461   2  15   1.0096   1.8061   1.1734   0.3709   0.6092  -0.6504   0.00    0.0
2428 186027.000   54.985927137   82.870408418    93.3508   2  15   1.0095   1.8064   1.1732   0.3699   0.6084  -0.6501   0.00    0.0
2428 186028.000   54.985930046   82.870471129    93.4563   2  15   1.0095   1.8065   1.1730   0.3695   0.6078  -0.6497   0.00    0.0
2428 186029.000   54.985932035   82.870510856    93.4844   2  15   1.0095   1.8066   1.1729   0.3690   0.6071  -0.6493   0.00    0.0
2428 186030.000   54.985932920   82.870528144    93.5098   2  15   1.0094   1.8067   1.1727   0.3685   0.6065  -0.6488   0.00    0.0
2428 186031.000   54.985933101   82.870532884    93.5185   2  15   1.0094   1.8068   1.1726   0.3680   0.6059  -0.6484   0.00    0.0
2428 186032.000   54.985933095   82.870532814    93.5513   2  16   1.0093   1.8070   1.1716   0.3674   0.6043  -0.6469   0.00    0.0
2428 186033.000   54.985933116   82.870532783    93.5666   2  16   1.0093   1.8070   1.1714   0.3669   0.6038  -0.6467   0.00    0.0
2428 186034.000   54.985933121   82.870532768    93.5752   2  16   1.0093   1.8071   1.1713   0.3665   0.6032  -0.6465   0.00    0.0
2428 186035.000   54.985933155   82.870532723    93.5849   2  16   1.0093   1.8072   1.1712   0.3660   0.6027  -0.6463   0.00    0.0
2428 186036.000   54.985933149   82.870532719    93.5786   2  16   1.0093   1.8073   1.1711   0.3656   0.6021  -0.6460   0.00    0.0
2428 186037.000   54.985933139   82.870532738    93.5641   2  16   1.0093   1.8074   1.1710   0.3651   0.6016  -0.6458   0.00    0.0
2428 186038.000   54.985933102   82.870532739    93.5604   2  16   1.0093   1.8074   1.1708   0.3647   0.6011  -0.6456   0.00    0.0
2428 186039.000   54.985933111   82.870532734    93.5810   2  16   1.0093   1.8075   1.1707   0.3642   0.6005  -0.6453   0.00    0.0
2428 186040.000   54.985933105   82.870532711    93.5912   2  16   1.0093   1.8076   1.1706   0.3638   0.6000  -0.6451   0.00    0.0
2428 186041.000   54.985933148   82.870532685    93.5969   2  17   1.0094   1.8077   1.1704   0.3629   0.5992  -0.6450   0.00    0.0
2428 186042.000   54.985933133   82.870532703    93.5820   2  17   1.0094   1.8078   1.1703   0.3626   0.5987  -0.6447   0.00    0.0
2428 186043.000   54.985933065   82.870532715    93.5713   2  17   1.0094   1.8078   1.1702   0.3622   0.5982  -0.6445   0.00    0.0
2428 186044.000   54.985933087   82.870532701    93.5728   2  17   1.0093   1.8079   1.1701   0.3619   0.5977  -0.6443   0.00    0.0
2428 186045.000   54.985933100   82.870532706    93.5817   2  17   1.0093   1.8080   1.1700   0.3615   0.5973  -0.6440   0.00    0.0
2428 186046.000   54.985933193   82.870532654    93.6178   2  17   1.0093   1.8081   1.1685   0.3616   0.5955  -0.6435   0.00    0.0
2428 186047.000   54.985933194   82.870532646    93.6183   2  17   1.0093   1.8082   1.1684   0.3612   0.5950  -0.6432   0.00    0.0
2428 186048.000   54.985933219   82.870532609    93.6217   2  17   1.0093   1.8082   1.1683   0.3609   0.5945  -0.6430   0.00    0.0
2428 186049.000   54.985933199   82.870532612    93.6262   2  17   1.0092   1.8083   1.1682   0.3605   0.5940  -0.6428   0.00    0.0
2428 186050.000   54.985901537   82.870543046    92.0981   2  17   0.6513   1.3968   0.9586   0.5083  -0.2598  -0.4758   0.00    0.0
2428 186051.000   54.985901560   82.870543030    92.1019   2  17   0.6513   1.3968   0.9586   0.5082  -0.2604  -0.4757   0.00    0.0
2428 186052.000   54.985901514   82.870543017    92.1048   2  17   0.6513   1.3968   0.9586   0.5081  -0.2610  -0.4756   0.00    0.0
2428 186053.000   54.985901501   82.870543042    92.0996   2  17   0.6512   1.3969   0.9586   0.5080  -0.2617  -0.4755   0.00    0.0
2428 186054.000   54.985901485   82.870543054    92.0921   2  17   0.6512   1.3969   0.9586   0.5078  -0.2623  -0.4754   0.00    0.0
2428 186055.000   54.985901492   82.870543040    92.0938   2  17   0.6512   1.3970   0.9586   0.5077  -0.2629  -0.4753   0.00    0.0
2428 186056.000   54.985901507   82.870543048    92.0945   2  17   0.6511   1.3970   0.9586   0.5076  -0.2635  -0.4752   0.00    0.0
2428 186057.000   54.985901513   82.870543036    92.0913   2  17   0.6512   1.3971   0.9585   0.5068  -0.2655  -0.4751   0.00    0.0
2428 186058.000   54.985901529   82.870543035    92.0957   2  17   0.6512   1.3972   0.9585   0.5066  -0.2661  -0.4750   0.00    0.0
2428 186059.000   54.985901464   82.870543042    92.0910   2  17   0.6511   1.3972   0.9585   0.5065  -0.2667  -0.4749   0.00    0.0
2428 186060.000   54.985901471   82.870543057    92.0840   2  17   0.6511   1.3972   0.9585   0.5063  -0.2674  -0.4748   0.00    0.0
2428 186061.000   54.985901461   82.870543042    92.0861   2  17   0.6511   1.3973   0.9585   0.5062  -0.2680  -0.4747   0.00    0.0
2428 186062.000   54.985901427   82.870542995    92.0936   2  17   0.6511   1.3973   0.9585   0.5061  -0.2686  -0.4746   0.00    0.0
2428 186063.000   54.985901426   82.870542974    92.1006   2  17   0.6510   1.3974   0.9585   0.5060  -0.2692  -0.4745   0.00    0.0
2428 186064.000   54.985901389   82.870542961    92.1090   2  17   0.6510   1.3974   0.9585   0.5058  -0.2698  -0.4744   0.00    0.0
2428 186065.000   54.985901350   82.870542997    92.0939   2  17   0.6510   1.3974   0.9585   0.5057  -0.2704  -0.4743   0.00    0.0
2428 186066.000   54.985901357   82.870542958    92.0950   2  17   0.6510   1.3975   0.9585   0.5056  -0.2710  -0.4742   0.00    0.0
2428 186067.000   54.985901312   82.870542939    92.0994   2  17   0.6509   1.3975   0.9585   0.5054  -0.2716  -0.4741   0.00    0.0
2428 186068.000   54.985901354   82.870542909    92.1222   2  17   0.6509   1.3976   0.9586   0.5053  -0.2722  -0.4740   0.00    0.0
2428 186069.000   54.985901336   82.870542889    92.1269   2  17   0.6509   1.3976   0.9586   0.5052  -0.2728  -0.4739   0.00    0.0
2428 186070.000   54.985901344   82.870542862    92.1353   2  17   0.6508   1.3977   0.9586   0.5050  -0.2734  -0.4737   0.00    0.0
2428 186071.000   54.985901364   82.870542843    92.1417   2  17   0.6508   1.3977   0.9586   0.5049  -0.2740  -0.4736   0.00    0.0
2428 186072.000   54.985901320   82.870542864    92.1376   2  17   0.6508   1.3977   0.9586   0.5048  -0.2746  -0.4735   0.00    0.0
2428 186073.000   54.985901307   82.870542845    92.1410   2  17   0.6508   1.3978   0.9586   0.5047  -0.2752  -0.4734   0.00    0.0
2428 186074.000   54.985901246   82.870542825    92.1427   2  17   0.6507   1.3978   0.9586   0.5045  -0.2758  -0.4733   0.00    0.0
2428 186075.000   54.985901247   82.870542798    92.1684   2  17   0.6507   1.3979   0.9586   0.5044  -0.2764  -0.4732   0.00    0.0
2428 186076.000   54.985901407   82.870543108    92.0409   2  17   0.6507   1.3979   0.9567   0.5044  -0.2785  -0.4729   0.00    0.0
2428 186077.000   54.985901421   82.870543073    92.0522   2  17   0.6507   1.3979   0.9567   0.5043  -0.2791  -0.4728   0.00    0.0
2428 186078.000   54.985901439   82.870543030    92.0654   2  17   0.6507   1.3980   0.9567   0.5041  -0.2797  -0.4726   0.00    0.0
2428 186079.000   54.985901421   82.870543024    92.0651   2  17   0.6507   1.3980   0.9567   0.5040  -0.2803  -0.4725   0.00    0.0
2428 186080.000   54.985901365   82.870543042    92.0610   2  17   0.6506   1.3981   0.9567   0.5039  -0.2809  -0.4724   0.00    0.0
2428 186081.000   54.985901428   82.870543047    92.0640   2  17   0.6506   1.3981   0.9567   0.5037  -0.2815  -0.4723   0.00    0.0
2428 186082.000   54.985901427   82.870543009    92.0714   2  17   0.6506   1.3982   0.9567   0.5036  -0.2821  -0.4722   0.00    0.0
2428 186083.000   54.985901418   82.870542992    92.0789   2  17   0.6506   1.3982   0.9567   0.5035  -0.2826  -0.4721   0.00    0.0
2428 186084.000   54.985901429   82.870542967    92.1012   2  17   0.6505   1.3982   0.9567   0.5033  -0.2833  -0.4720   0.00    0.0
2428 186085.000   54.985901468   82.870542911    92.1080   2  17   0.6505   1.3983   0.9567   0.5033  -0.2837  -0.4719   0.00    0.0
2428 186086.000   54.985901415   82.870542954    92.1023   2  17   0.6506   1.3984   0.9566   0.5025  -0.2855  -0.4718   0.00    0.0
2428 186087.000   54.985901561   82.870542939    92.1112   2  17   0.6505   1.3984   0.9566   0.5023  -0.2862  -0.4717   0.00    0.0
2428 186088.000   54.985901631   82.870544891    92.0988   2  17   0.6505   1.3985   0.9566   0.5022  -0.2868  -0.4716   0.00    0.0
2428 186089.000   54.985901784   82.870550126    92.0945   2  17   0.6505   1.3985   0.9566   0.5020  -0.2874  -0.4715   0.00    0.0
2428 186090.000   54.985902261   82.870561656    92.1011   2  17   0.6504   1.3986   0.9566   0.5019  -0.2879  -0.4714   0.00    0.0
2428 186091.000   54.985904081   82.870593640    92.1657   2  17   0.6505   1.3986   0.9566   0.5017  -0.2887  -0.4713   0.00    0.0
2428 186092.000   54.985906362   82.870645782    92.2531   2  17   0.6504   1.3987   0.9566   0.5015  -0.2893  -0.4712   0.00    0.0
2428 186093.000   54.985909604   82.870714675    92.2725   2  17   0.6504   1.3987   0.9566   0.5013  -0.2900  -0.4710   0.00    0.0
2428 186094.000   54.985913128   82.870794116    92.3470   2  17   0.6501   1.3995   0.9566   0.5001  -0.2914  -0.4710   0.00    0.0
2428 186095.000   54.985915903   82.870857421    92.4607   2  16   0.6500   1.3996   0.9562   0.4994  -0.2913  -0.4707   0.00    0.0
2428 186096.000   54.985917168   82.870876467    92.4928   2  16   0.6499   1.3997   0.9561   0.4992  -0.2921  -0.4706   0.00    0.0
2428 186097.000   54.985918243   82.870885652    92.5263   2  16   0.6498   1.3998   0.9563   0.4989  -0.2922  -0.4703   0.00    0.0
2428 186098.000   54.985920194   82.870898837    92.5687   2  18   0.6498   1.3999   0.9558   0.4987  -0.2935  -0.4702   0.00    0.0
2428 186099.000   54.985922372   82.870930804    92.6118   2  19   0.6497   1.3999   0.9553   0.4987  -0.2939  -0.4699   0.00    0.0
2428 186100.000   54.985923151   82.870988175    92.7032   2  20   0.6497   1.4000   0.9552   0.4985  -0.2946  -0.4698   0.00    0.0
2428 186101.000   54.985925380   82.871068973    92.8296   2  20   0.6496   1.4000   0.9553   0.4984  -0.2948  -0.4696   0.00    0.0
2428 186102.000   54.985929843   82.871168628    92.9962   2  20   0.6496   1.4001   0.9553   0.4983  -0.2951  -0.4695   0.00    0.0
2428 186103.000   54.985936335   82.871285321    92.9291   2  20   0.6495   1.4001   0.9553   0.4982  -0.2954  -0.4694   0.00    0.0
2428 186104.000   54.985943945   82.871417214    92.8847   2  20   0.6495   1.4001   0.9553   0.4979  -0.2957  -0.4693   0.00    0.0
2428 186105.000   54.985957041   82.871557369    93.1906   2  18   0.6494   1.4002   0.9555   0.4977  -0.2973  -0.4687   0.00    0.0
2428 186106.000   54.985971973   82.871706465    93.4622   2  16   0.6483   1.4004   0.9552   0.4973  -0.2998  -0.4649   0.00    0.0
2428 186107.000   54.985985446   82.871864391    93.3458   2  12   0.6475   1.4001   0.9815   0.4947  -0.2904  -0.4645   0.00    0.0
2428 186108.000   54.985996349   82.872031161    93.5716   2  12   0.6466   1.4005   0.9833   0.4928  -0.2816  -0.4629   0.00    0.0
2428 186109.000   54.986007828   82.872205890    93.4820   2  10   0.6469   1.4009   0.9809   0.4912  -0.2750  -0.4628   0.00    0.0
2428 186110.000   54.985982091   82.872427837    86.1773   2   9  16.5748  13.0197  66.6245 -13.5022  28.3138 -29.5490   0.00    0.0
2428 186111.000   54.985991841   82.872616535    86.3476   2  13  14.8731   7.6123  24.8915  -9.8383  11.8953 -18.2968   0.00    0.0
2428 186112.000   54.986000439   82.872804534    86.6668   2  14  14.8810   7.6177  24.9079  -9.8455  11.9049 -18.3085   0.00    0.0
2428 186113.000   54.986009620   82.872983232    86.7613   2  13  14.8889   7.6232  24.9243  -9.8528  11.9145 -18.3202   0.00    0.0
2428 186114.000   54.986014817   82.873152423    87.5075   2  12   5.3943   3.0731  12.4332  -0.4273  -2.9758  -5.9861   0.00    0.0
2428 186115.000   54.986022941   82.873310053    87.6307   2  11   5.3931   3.0735  12.4417  -0.4246  -2.9799  -5.9864   0.00    0.0
2428 186116.000   54.986030637   82.873460492    87.8233   2  13   5.3920   3.0738  12.4395  -0.4250  -2.9815  -5.9841   0.00    0.0
2428 186117.000   54.986038561   82.873613383    87.9664   2  16   5.3904   3.0741  12.4407  -0.4227  -2.9851  -5.9822   0.00    0.0
2428 186118.000   54.986045914   82.873771757    88.1954   2  15   5.3905   3.0748  12.4410  -0.4272  -2.9877  -5.9815   0.00    0.0
2428 186119.000   54.986051834   82.873934625    88.5001   2  15   5.3933   3.0769  12.4386  -0.4492  -2.9928  -5.9822   0.00    0.0
2428 186120.000   54.986060246   82.874100681    88.5005   2  15   5.3953   3.0782  12.4388  -0.4635  -2.9950  -5.9830   0.00    0.0
2428 186121.000   54.986067485   82.874268670    88.8161   2  15   5.3973   3.0795  12.4390  -0.4774  -2.9973  -5.9838   0.00    0.0
2428 186122.000   54.986075777   82.874435971    88.7461   2  13   5.4035   3.0470  13.0163  -0.3796  -2.8439  -6.1275   0.00    0.0
2428 186123.000   54.986083696   82.874601307    89.0701   2  13   5.4043   3.0476  13.0182  -0.3869  -2.8464  -6.1266   0.00    0.0
2428 186124.000   54.986090591   82.874755908    89.2973   2  11   5.4052   3.0482  13.0202  -0.3943  -2.8489  -6.1256   0.00    0.0
2428 186125.000   54.986097961   82.874895487    89.4644   2  11   5.4060   3.0488  13.0221  -0.4014  -2.8514  -6.1246   0.00    0.0
2428 186126.000   54.986103426   82.875010606    89.5501   2  11   5.4069   3.0494  13.0241  -0.4085  -2.8538  -6.1237   0.00    0.0
2428 186127.000   54.986108561   82.875109798    89.6138   2  11   5.4077   3.0500  13.0261  -0.4155  -2.8563  -6.1227   0.00    0.0
2428 186128.000   54.986106914   82.875206735    92.3127   2  11   5.4897   3.1285  13.9998  -0.9167  -2.0952  -6.5099   0.00    0.0
2428 186129.000   54.986115501   82.875282032    90.1828   2  12   5.4356   2.9876  14.2764  -0.3049  -2.4306  -6.4676   0.00    0.0
2428 186130.000   54.986118463   82.875368095    90.5005   2  11   5.4367   2.9881  14.2792  -0.3133  -2.4333  -6.4681   0.00    0.0
2428 186131.000   54.986123127   82.875460627    90.5238   2  12   5.4381   2.9887  14.2819  -0.3244  -2.4360  -6.4689   0.00    0.0
2428 186132.000   54.986127971   82.875552057    90.6091   2  12   5.4425   2.9893  14.2952  -0.3379  -2.4372  -6.4765   0.00    0.0
2428 186133.000   54.986132739   82.875643756    90.6808   2  12   5.4426   2.9896  14.2952  -0.3413  -2.4401  -6.4755   0.00    0.0
2428 186134.000   54.986136819   82.875732440    90.8138   2  15   5.4443   2.9903  14.2929  -0.3474  -2.4465  -6.4734   0.00    0.0
2428 186135.000   54.986140878   82.875827193    90.9974   2  13   5.4442   2.9906  14.2930  -0.3518  -2.4491  -6.4724   0.00    0.0
2428 186136.000   54.986145918   82.875930856    91.1068   2  11   5.4439   2.9910  14.2971  -0.3591  -2.4520  -6.4718   0.00    0.0
2428 186137.000   54.986150971   82.876040519    91.2104   2  11   5.4446   2.9913  14.2980  -0.3708  -2.4551  -6.4675   0.00    0.0
2428 186138.000   54.986156085   82.876158282    91.3334   2  11   5.4446   2.9915  14.3000  -0.3775  -2.4567  -6.4662   0.00    0.0
2428 186139.000   54.986161866   82.876284974    91.5526   2  11   5.4446   2.9917  14.3020  -0.3841  -2.4583  -6.4648   0.00    0.0
2428 186140.000   54.986167940   82.876415306    91.7154   2  13   5.4445   2.9919  14.3055  -0.3915  -2.4613  -6.4621   0.00    0.0
2428 186141.000   54.986174194   82.876547830    91.8638   2  14   5.4446   2.9922  14.3099  -0.3971  -2.4641  -6.4621   0.00    0.0
2428 186142.000   54.986180500   82.876680185    92.0380   2  13   5.4447   2.9924  14.3126  -0.4030  -2.4651  -6.4619   0.00    0.0
2428 186143.000   54.986187255   82.876818878    92.1166   2  13   5.4468   2.9929  14.3085  -0.3917  -2.4723  -6.4601   0.00    0.0
2428 186144.000   54.986191187   82.876959630    93.0282   2  10  16.1915  14.4538  72.6453 -14.6930  31.6390 -33.5833   0.00    0.0
2428 186145.000   54.986222378   82.877066364   107.6369   2   6  63.1503  60.6120 143.0668  29.6840 -52.4246 -27.6602   0.00    0.0
2428 186146.000   54.986234808   82.877230555    97.1430   2   6  81.3226  17.9421 202.7614 -25.7152  27.1135 112.4400   0.00    0.0
2428 186147.000   54.986207786   82.877398896    98.6813   2  11   6.2319   4.3038  20.6507  -3.1185   6.3182  -9.3985   0.00    0.0
2428 186148.000   54.986222010   82.877538970    95.9423   2  11   6.2479   4.3150  20.8335  -3.1412   6.3929  -9.4648   0.00    0.0
2428 186149.000   54.986234080   82.877680120    93.4711   2  11   6.2750   4.3369  21.0742  -3.1818   6.5039  -9.5616   0.00    0.0
2428 186150.000   54.986250870   82.877810119    88.7686   2  10   6.2634   4.3208  21.1042  -3.1589   6.4829  -9.5493   0.00    0.0
2428 186151.000   54.986246074   82.877967048    94.5136   2  12   6.2365   4.2518  20.8439  -3.0811   6.2777  -9.4443   0.00    0.0
2428 186152.000   54.986249074   82.878099807    94.7211   2  12   6.2346   4.2521  20.8350  -3.0805   6.2729  -9.4383   0.00    0.0
2428 186153.000   54.986250957   82.878229924    94.9340   2  12   6.2324   4.2504  20.8331  -3.0779   6.2646  -9.4345   0.00    0.0
2428 186154.000   54.986257752   82.878363329    95.1221   2  12   6.2305   4.2491  20.8317  -3.0756   6.2587  -9.4309   0.00    0.0
2428 186155.000   54.986266553   82.878501229    95.3269   2  14   6.2290   4.2481  20.8376  -3.0740   6.2553  -9.4294   0.00    0.0
2428 186156.000   54.986274838   82.878641540    95.5242   2  14   6.2273   4.2469  20.8399  -3.0720   6.2506  -9.4269   0.00    0.0
2428 186157.000   54.986278676   82.878781592    96.2888   2  11   6.2369   4.2518  20.8539  -3.0838   6.2550  -9.4305   0.00    0.0
2428 186158.000   54.986290137   82.878905850    95.1980   2  11   6.2366   4.2510  20.8537  -3.0831   6.2481  -9.4250   0.00    0.0
2428 186159.000   54.986289985   82.879033482    97.3809   2  13   5.7945   4.1676  18.4814  -2.6246   5.2565  -8.1358   0.00    0.0
2428 186160.000   54.986296477   82.879144115    97.3355   2  13   5.8032   4.1707  18.4969  -2.6352   5.2653  -8.1488   0.00    0.0
2428 186161.000   54.986302181   82.879247525    97.5174   2  12   5.8035   4.1705  18.4987  -2.6355   5.2628  -8.1480   0.00    0.0
2428 186162.000   54.986307802   82.879340155    97.5918   2  12   5.8065   4.1715  18.5050  -2.6393   5.2641  -8.1518   0.00    0.0
2428 186163.000   54.986311612   82.879413314    97.6047   2  13   5.8064   4.1711  18.5061  -2.6393   5.2610  -8.1504   0.00    0.0
2428 186164.000   54.986313866   82.879461003    97.7688   2  13   5.8093   4.1713  18.5052  -2.6411   5.2550  -8.1504   0.00    0.0
2428 186165.000   54.986315354   82.879490011    97.6410   2  15   5.8094   4.1712  18.5145  -2.6419   5.2548  -8.1513   0.00    0.0
2428 186166.000   54.986316402   82.879505956    97.5460   2  15   5.8093   4.1711  18.5139  -2.6425   5.2542  -8.1506   0.00    0.0
2428 186167.000   54.986316968   82.879517050    97.5813   2  15   5.8090   4.1711  18.5163  -2.6430   5.2543  -8.1504   0.00    0.0
2428 186168.000   54.986317707   82.879533044    97.6459   2  15   5.8086   4.1711  18.5186  -2.6436   5.2544  -8.1501   0.00    0.0
2428 186169.000   54.986318964   82.879560134    97.6351   2  15   5.8083   4.1711  18.5210  -2.6441   5.2543  -8.1499   0.00    0.0
2428 186170.000   54.986302467   82.879597284   113.0391   2  17   3.9784   3.5004  12.8492   1.1400   3.1096  -6.4917   0.00    0.0
2428 186171.000   54.986306053   82.879663391   112.9926   2  15   3.9806   3.5013  12.8741   1.1341   3.1201  -6.5002   0.00    0.0
2428 186172.000   54.986310792   82.879745544   113.0062   2  14   3.9809   3.5014  12.8788   1.1322   3.1225  -6.5016   0.00    0.0
2428 186173.000   54.986316100   82.879843022   113.0573   2  15   3.9811   3.5016  12.8835   1.1302   3.1249  -6.5029   0.00    0.0
2428 186174.000   54.986322227   82.879955581   113.1232   2  14   3.9818   3.5016  12.8837   1.1281   3.1253  -6.5037   0.00    0.0
2428 186175.000   54.986328985   82.880079776   113.1501   2  14   3.9839   3.5023  12.9087   1.1224   3.1352  -6.5119   0.00    0.0
2428 186176.000   54.986334865   82.880215802   113.6657   2  13   3.9851   3.5027  12.9201   1.1189   3.1400  -6.5159   0.00    0.0
2428 186177.000   54.986342250   82.880360028   113.5237   2  15   3.9862   3.5030  12.9316   1.1154   3.1448  -6.5198   0.00    0.0
2428 186178.000   54.986349389   82.880514246   113.6389   2  14   3.9874   3.5034  12.9431   1.1118   3.1496  -6.5238   0.00    0.0
2428 186179.000   54.986357285   82.880677381   113.6890   2  13   3.9885   3.5037  12.9546   1.1083   3.1545  -6.5277   0.00    0.0
2428 186180.000   54.986365577   82.880846900   113.7638   2  14   3.9896   3.5041  12.9661   1.1047   3.1593  -6.5317   0.00    0.0
2428 186181.000   54.986373983   82.881021827   113.8433   2  14   3.9908   3.5044  12.9777   1.1011   3.1641  -6.5357   0.00    0.0
2428 186182.000   54.986382729   82.881202065   114.0956   2  14   3.9919   3.5048  12.9893   1.0975   3.1690  -6.5397   0.00    0.0
2428 186183.000   54.986391702   82.881385576   114.2452   2  15   3.9931   3.5051  13.0008   1.0938   3.1738  -6.5437   0.00    0.0
2428 186184.000   54.986401098   82.881570365   114.2423   2  14   3.9942   3.5055  13.0125   1.0902   3.1787  -6.5477   0.00    0.0
2428 186185.000   54.986410120   82.881760492   114.5019   2  14   3.9954   3.5058  13.0241   1.0865   3.1835  -6.5517   0.00    0.0
2428 186186.000   54.986419909   82.881951422   114.4664   2  15   3.9982   3.5066  13.0280   1.0893   3.1841  -6.5537   0.00    0.0
2428 186187.000   54.986429242   82.882139721   114.6311   2  12   3.9996   3.5070  13.0389   1.0864   3.1884  -6.5575   0.00    0.0
2428 186188.000   54.986439238   82.882326055   114.4519   2  13   4.0009   3.5074  13.0496   1.0835   3.1927  -6.5613   0.00    0.0
2428 186189.000   54.986447778   82.882511714   114.6654   2  13   4.0023   3.5078  13.0604   1.0805   3.1971  -6.5652   0.00    0.0
2428 186190.000   54.986516817   82.882605166    84.6275   2  11   4.8089   4.0566  17.8832  -2.0738   5.9409  -8.6986   0.00    0.0
2428 186191.000   54.986488168   82.882836300   103.6277   2  11  11.2110   8.8584  45.8690  -9.1786  19.1830 -22.4729   0.00    0.0
2428 186192.000   54.986494904   82.883012487   105.1151   2  11  11.5397   9.1371  47.4169  -9.5066  19.8719 -23.1928   0.00    0.0
2428 186193.000   54.986494392   82.883191139   108.9821   2   9  19.0397  15.5389  79.6572 -16.7547  34.6313 -38.8232   0.00    0.0
2428 186194.000   54.986494595   82.883357943   112.9991   2  11  18.4319  15.2565  79.6799 -16.3103  34.3143 -38.2017   0.00    0.0
2428 186195.000   54.986553354   82.883451585   106.4983   2  11   2.9540   3.4678   4.8369   2.1332  -2.1865  -3.4543   0.00    0.0
2428 186196.000   54.986541829   82.883581795   109.5956   2   9  22.3589  11.8044  35.7511 -15.6776  19.8812 -28.2312   0.00    0.0
2428 186197.000   54.986614743   82.883548182    55.9290   2  11   2.8352   3.4544   4.5757   2.1956  -2.3069  -3.2614   0.00    0.0
2428 186198.000   54.986492341   82.883810123   119.7004   2  11   2.8354   3.4530   4.5769   2.1968  -2.3126  -3.2590   0.00    0.0
2428 186199.000   54.986494141   82.883845987   119.7567   2  11   2.8353   3.4530   4.5771   2.1965  -2.3128  -3.2589   0.00    0.0
2428 186200.000   54.986495902   82.883879525   119.7612   2  13   2.8359   3.4535   4.5700   2.1973  -2.3165  -3.2567   0.00    0.0
2428 186201.000   54.986499072   82.883915046   119.8592   2  15   2.8357   3.4534   4.5769   2.1966  -2.3161  -3.2579   0.00    0.0
2428 186202.000   54.986507501   82.883959536   119.9074   2  14   2.8359   3.4541   4.5792   2.1953  -2.3139  -3.2591   0.00    0.0
2428 186203.000   54.986519764   82.883997385   119.9451   2  14   2.8357   3.4540   4.5795   2.1950  -2.3138  -3.2590   0.00    0.0
2428 186204.000   54.986531153   82.884016142   119.9709   2  15   2.8356   3.4539   4.5797   2.1945  -2.3137  -3.2589   0.00    0.0
2428 186205.000   54.986538490   82.884022395   119.9957   2  16   2.8357   3.4536   4.5805   2.1938  -2.3129  -3.2594   0.00    0.0
2428 186206.000   54.986543326   82.884025161   119.9953   2  17   2.8354   3.4534   4.5809   2.1937  -2.3130  -3.2589   0.00    0.0
2428 186207.000   54.986548077   82.884026798   119.9982   2  17   2.8352   3.4533   4.5813   2.1934  -2.3128  -3.2589   0.00    0.0
2428 186208.000   54.986558954   82.884028996   119.9709   2  17   2.8350   3.4532   4.5818   2.1931  -2.3127  -3.2588   0.00    0.0
2428 186209.000   54.986584181   82.884029381   119.9440   2  17   2.8348   3.4529   4.5822   2.1927  -2.3125  -3.2588   0.00    0.0
2428 186210.000   54.986627209   82.884026696   119.9262   2  17   2.8346   3.4529   4.5827   2.1924  -2.3124  -3.2588   0.00    0.0
2428 186211.000   54.986685122   82.884016878   119.8146   2  17   2.8344   3.4527   4.5831   2.1920  -2.3123  -3.2587   0.00    0.0
2428 186212.000   54.986754664   82.884005249   119.7048   2  17   2.8342   3.4526   4.5835   2.1917  -2.3122  -3.2587   0.00    0.0
2428 186213.000   54.986832814   82.883992035   119.5728   2  17   2.8341   3.4525   4.5840   2.1914  -2.3121  -3.2587   0.00    0.0
2428 186214.000   54.986917688   82.883980097   119.5056   2  17   2.8341   3.4524   4.5854   2.1910  -2.3119  -3.2591   0.00    0.0
2428 186215.000   54.987008843   82.883967741   119.4066   2  16   2.8339   3.4523   4.5859   2.1907  -2.3118  -3.2592   0.00    0.0
2428 186216.000   54.987101809   82.883951119   119.3481   2  16   2.8364   3.4528   4.5884   2.1920  -2.3135  -3.2619   0.00    0.0
2428 186217.000   54.987197040   82.883934414   119.2405   2  16   2.8368   3.4531   4.5888   2.1920  -2.3143  -3.2624   0.00    0.0
2428 186218.000   54.987292880   82.883916616   119.1329   2  12   2.8368   3.4530   4.5894   2.1917  -2.3142  -3.2626   0.00    0.0
2428 186219.000   54.987389859   82.883903528   119.0271   2  12   2.8371   3.4529   4.5902   2.1919  -2.3143  -3.2631   0.00    0.0
2428 186220.000   54.987488258   82.883890171   118.8866   2  11   2.8369   3.4526   4.5906   2.1914  -2.3139  -3.2631   0.00    0.0
2428 186221.000   54.987586988   82.883875121   118.7194   2  16   2.8368   3.4524   4.5911   2.1909  -2.3136  -3.2631   0.00    0.0
2428 186222.000   54.987683736   82.883860511   118.5694   2  16   2.8366   3.4521   4.5915   2.1904  -2.3132  -3.2632   0.00    0.0
2428 186223.000   54.987778550   82.883845922   118.3692   2  15   2.8365   3.4519   4.5920   2.1899  -2.3129  -3.2632   0.00    0.0
2428 186224.000   54.987871019   82.883833435   118.1755   2  15   2.8363   3.4516   4.5924   2.1894  -2.3125  -3.2632   0.00    0.0
2428 186225.000   54.987960377   82.883821154   118.0451   2  15   2.8362   3.4514   4.5929   2.1889  -2.3122  -3.2633   0.00    0.0
2428 186226.000   54.988045892   82.883807866   117.9259   2  15   2.8376   3.4526   4.5998   2.1863  -2.3064  -3.2669   0.00    0.0
2428 186227.000   54.988127738   82.883796610   117.7086   2  15   2.8375   3.4524   4.6002   2.1858  -2.3060  -3.2669   0.00    0.0
2428 186228.000   54.988201221   82.883786392   117.5009   2  15   2.8373   3.4521   4.6007   2.1853  -2.3057  -3.2669   0.00    0.0
2428 186229.000   54.988262780   82.883771604   117.4046   2  15   2.8372   3.4519   4.6011   2.1848  -2.3053  -3.2670   0.00    0.0
2428 186230.000   54.988395590   82.883672734   110.7507   2  17   5.8701   3.2960  11.4757   0.9666  -3.5900  -5.0717   0.00    0.0
2428 186231.000   54.988430363   82.883611175   110.5876   2  17   5.8700   3.2960  11.4777   0.9633  -3.5900  -5.0699   0.00    0.0
2428 186232.000   54.988449354   82.883527990   110.4461   2  17   5.8696   3.2961  11.4797   0.9603  -3.5901  -5.0682   0.00    0.0
2428 186233.000   54.988448449   82.883428536   110.3863   2  16   5.8693   3.2961  11.4817   0.9570  -3.5901  -5.0665   0.00    0.0
2428 186234.000   54.988438330   82.883317450   110.3098   2  16   5.8690   3.2960  11.4844   0.9523  -3.5902  -5.0644   0.00    0.0
2428 186235.000   54.988426925   82.883192709   110.2743   2  14   5.8699   3.2946  11.4866   0.9458  -3.5851  -5.0642   0.00    0.0
2428 186236.000   54.988413729   82.883054133   110.0145   2  14   5.8725   3.2949  11.5103   0.9470  -3.5893  -5.0748   0.00    0.0
2428 186237.000   54.988400867   82.882903841   110.1033   2  10   5.8725   3.2948  11.5126   0.9435  -3.5887  -5.0733   0.00    0.0
2428 186238.000   54.988389279   82.882745893   109.4332   2  10   5.8790   3.2919  11.4459   0.9389  -3.5619  -5.0691   0.00    0.0
2428 186239.000   54.988380208   82.882581758   109.5952   2   9   5.8803   3.2922  11.4598   0.9366  -3.5657  -5.0685   0.00    0.0
2428 186240.000   54.988370962   82.882420203   109.4246   2  10   5.8820   3.2915  11.4357   0.9332  -3.5584  -5.0657   0.00    0.0
2428 186241.000   54.988363770   82.882279941   109.5714   2  13   5.8843   3.2900  11.4023   0.9315  -3.5454  -5.0628   0.00    0.0
2428 186242.000   54.988358994   82.882172435   109.2429   2  13   5.8854   3.2900  11.4027   0.9276  -3.5448  -5.0602   0.00    0.0
2428 186243.000   54.988354327   82.882074875   109.1979   2  13   5.8864   3.2899  11.4009   0.9232  -3.5438  -5.0565   0.00    0.0
2428 186244.000   54.988348098   82.881980212   108.5404   2  13   5.8875   3.2898  11.3994   0.9189  -3.5427  -5.0531   0.00    0.0
2428 186245.000   54.988344057   82.881875175   108.9591   2  12   5.8903   3.2882  11.3648   0.9151  -3.5287  -5.0458   0.00    0.0
2428 186246.000   54.988339891   82.881761106   108.6532   2  12   5.8920   3.2876  11.3511   0.9113  -3.5230  -5.0414   0.00    0.0
2428 186247.000   54.988333218   82.881635588   108.7396   2  13   5.8936   3.2869  11.3374   0.9076  -3.5173  -5.0369   0.00    0.0
2428 186248.000   54.988326772   82.881498324   109.1091   2  13   5.8972   3.2858  11.2617   0.9043  -3.5021  -5.0377   0.00    0.0
2428 186249.000   54.988320483   82.881349024   111.7892   2  11   9.0683   5.3848 138.5548  -5.3479 -24.5433  30.4281   0.00    0.0
2428 186250.000   54.988312448   82.881191127   110.8954   2  11   8.8752   5.2437 133.3260  -5.1298 -23.5821  29.2493   0.00    0.0
2428 186251.000   54.988315728   82.881016362   129.3038   2   9   5.9380   3.3324  13.8712   0.6344  -4.3202  -4.4046   0.00    0.0
2428 186252.000   54.988242734   82.880853988   128.4412   2   9  44.6646   4.0192  14.5963  -9.9573  -5.3795  13.5708   0.00    0.0
2428 186253.000   54.988285751   82.880678875   129.0853   2   7  72.9401   4.9565  16.0802 -16.3256  -6.9807  24.0343   0.00    0.0
2428 186254.000   54.988233747   82.880505961   128.3323   2  12   5.9381   3.3051  13.6930   1.4023  -4.1870  -5.8495   0.00    0.0
2428 186255.000   54.988225156   82.880323139   128.2435   2  15   5.9409   3.3041  13.6748   1.3912  -4.1787  -5.8400   0.00    0.0
2428 186256.000   54.988215656   82.880138010   128.0452   2  15   5.9452   3.3015  13.7590   1.3908  -4.1832  -5.8699   0.00    0.0
2428 186257.000   54.988206281   82.879954217   127.9237   2   9   5.9429   3.3001  13.7594   1.3870  -4.1778  -5.8684   0.00    0.0
2428 186258.000   54.988197061   82.879770629   127.5724   2   8   5.9429   3.3004  13.7667   1.3856  -4.1794  -5.8684   0.00    0.0
2428 186259.000   54.988187831   82.879586772   127.4427   2  11   5.9418   3.3007  13.7768   1.3857  -4.1816  -5.8710   0.00    0.0
2428 186260.000   54.988179276   82.879402333   127.1846   2  11   5.9424   3.3011  13.7836   1.3837  -4.1832  -5.8703   0.00    0.0
2428 186261.000   54.988170613   82.879217381   126.9615   2  13   5.9418   3.3011  13.7875   1.3810  -4.1832  -5.8675   0.00    0.0
2428 186262.000   54.988162457   82.879031417   126.9099   2  12   5.9413   3.3011  13.7913   1.3783  -4.1832  -5.8647   0.00    0.0
2428 186263.000   54.988154180   82.878844541   126.7068   2  12   5.9407   3.3011  13.7952   1.3755  -4.1831  -5.8619   0.00    0.0
2428 186264.000   54.988147226   82.878658663   125.9348   2  11   5.9386   3.2985  13.7288   1.3580  -4.1607  -5.8280   0.00    0.0
2428 186265.000   54.988138168   82.878474391   125.8799   2  10   5.9378   3.2977  13.7117   1.3509  -4.1540  -5.8160   0.00    0.0
2428 186266.000   54.988130100   82.878290257   125.6317   2   9   5.9370   3.2969  13.6946   1.3437  -4.1474  -5.8040   0.00    0.0
2428 186267.000   54.988086077   82.878107998   124.9833   2   9  42.4562   3.9934  14.3934  -9.6443  -5.2220  12.4507   0.00    0.0
2428 186268.000   54.988072000   82.877921729   124.6293   2   9  69.2212   4.8828  15.5224 -15.7074  -6.6077  21.8011   0.00    0.0
2428 186269.000   54.988064588   82.877733976   124.4130   2   9  69.2144   4.8854  15.5186 -15.7167  -6.6123  21.8398   0.00    0.0
2428 186270.000   54.988084110   82.877543150   124.6662   2   8  53.7777   4.3582  14.9638 -12.2805  -5.8848  17.2490   0.00    0.0
2428 186271.000   54.988047881   82.877360029   124.1175   2  10  45.3612   4.0637  14.4705 -10.2644  -5.3513  13.7156   0.00    0.0
2428 186272.000   54.988074279   82.877177776   124.3231   2   9   5.8840   3.2934  13.6010   1.2847  -4.1148  -5.6531   0.00    0.0
2428 186273.000   54.988054721   82.877011988   123.9495   2   8  51.8677   4.2969  14.8483 -11.8596  -5.7820  16.6514   0.00    0.0
2428 186274.000   54.988033892   82.876859863   123.6142   2   8  45.8033   4.0866  14.4686 -10.4105  -5.3850  14.0233   0.00    0.0
2428 186275.000   54.988056956   82.876724594   123.7570   2   6   5.8689   3.2907  13.5470   1.2764  -4.0918  -5.6614   0.00    0.0
2428 186276.000   54.988051592   82.876616264   123.6851   2   6   5.8699   3.2899  13.5301   1.2726  -4.0850  -5.6529   0.00    0.0
2428 186277.000   54.988046253   82.876515281   123.5573   2   8   5.8797   3.2860  13.4454   1.2653  -4.0546  -5.6268   0.00    0.0
2428 186278.000   54.988042501   82.876415089   123.4023   2  10   5.8779   3.2851  13.4210   1.2599  -4.0464  -5.6140   0.00    0.0
2428 186279.000   54.988038576   82.876312046   123.2444   2  14   5.8760   3.2848  13.4146   1.2560  -4.0432  -5.6085   0.00    0.0
2428 186280.000   54.988034410   82.876204388   123.1573   2  14   5.8752   3.2845  13.4141   1.2537  -4.0417  -5.6064   0.00    0.0
2428 186281.000   54.988028515   82.876088275   123.0755   2  12   5.8745   3.2843  13.4132   1.2513  -4.0403  -5.6043   0.00    0.0
2428 186282.000   54.988021432   82.875963727   122.9005   2  13   5.8738   3.2842  13.4122   1.2488  -4.0389  -5.6022   0.00    0.0
2428 186283.000   54.988014062   82.875827181   122.7395   2  15   5.8730   3.2839  13.4108   1.2469  -4.0372  -5.6005   0.00    0.0
2428 186284.000   54.988005927   82.875679002   122.6919   2  14   5.8728   3.2835  13.4059   1.2447  -4.0344  -5.5995   0.00    0.0
2428 186285.000   54.987998279   82.875521585   122.4169   2  15   5.8723   3.2834  13.4045   1.2420  -4.0332  -5.5973   0.00    0.0
2428 186286.000   54.987990155   82.875358310   122.3725   2  12   5.8719   3.2828  13.3878   1.2373  -4.0276  -5.5877   0.00    0.0
2428 186287.000   54.987981845   82.875190944   121.9463   2  12   5.8738   3.2826  13.3936   1.2332  -4.0256  -5.5861   0.00    0.0
2428 186288.000   54.987974303   82.875017661   121.6360   2  12   5.8741   3.2825  13.3933   1.2296  -4.0242  -5.5825   0.00    0.0
2428 186289.000   54.987967054   82.874838864   121.4989   2  10   5.8728   3.2822  13.3931   1.2276  -4.0225  -5.5815   0.00    0.0
2428 186290.000   54.988005652   82.874341936    86.9993   2  11   1.0426   2.0459   1.5687   0.9407   0.6771  -0.6692   0.00    0.0
2428 186291.000   54.987996914   82.874154567    87.5828   2  14   1.0431   2.0459   1.5727   0.9410   0.6777  -0.6777   0.00    0.0
2428 186292.000   54.987988775   82.873966019    88.5243   2  13   1.0427   2.0459   1.5769   0.9412   0.6821  -0.6831   0.00    0.0
2428 186293.000   54.987979565   82.873776888    88.3343   2  13   1.0426   2.0460   1.5769   0.9411   0.6819  -0.6824   0.00    0.0
2428 186294.000   54.987969894   82.873587697    88.0885   2  12   1.0426   2.0460   1.5767   0.9408   0.6819  -0.6816   0.00    0.0
2428 186295.000   54.987960415   82.873398589    87.8938   2  12   1.0425   2.0461   1.5766   0.9408   0.6817  -0.6809   0.00    0.0
2428 186296.000   54.987953574   82.873210329    87.7050   2  12   1.0424   2.0462   1.5766   0.9408   0.6815  -0.6802   0.00    0.0
2428 186297.000   54.987949005   82.873028168    87.4711   2  11   1.0423   2.0463   1.5765   0.9407   0.6813  -0.6796   0.00    0.0
2428 186298.000   54.987940901   82.872851828    87.2218   2  12   1.0422   2.0463   1.5767   0.9407   0.6812  -0.6791   0.00    0.0
2428 186299.000   54.987930460   82.872675192    87.0004   2  11   1.0421   2.0464   1.5764   0.9406   0.6808  -0.6782   0.00    0.0
2428 186300.000   54.987921102   82.872496508    86.7696   2  11   1.0406   2.0466   1.5630   0.9404   0.6804  -0.6671   0.00    0.0
2428 186301.000   54.987913193   82.872319728    86.5596   2  11   1.0406   2.0466   1.5626   0.9403   0.6803  -0.6668   0.00    0.0
2428 186302.000   54.987907426   82.872153736    86.0234   2  12   1.0412   2.0466   1.5486   0.9386   0.6866  -0.6613   0.00    0.0
2428 186303.000   54.987900635   82.872000046    85.7646   2  13   1.0411   2.0474   1.5486   0.9363   0.6930  -0.6606   0.00    0.0
2428 186304.000   54.987893454   82.871856546    85.5713   2  12   1.0409   2.0475   1.5486   0.9360   0.6937  -0.6602   0.00    0.0
2428 186305.000   54.987887639   82.871736057    85.3930   2  12   1.0408   2.0475   1.5485   0.9358   0.6941  -0.6599   0.00    0.0
2428 186306.000   54.987883104   82.871644510    85.2373   2  11   1.0404   2.0475   1.5451   0.9352   0.6963  -0.6577   0.00    0.0
2428 186307.000   54.987879335   82.871573226    85.1412   2  11   1.0399   2.0471   1.5452   0.9330   0.7005  -0.6570   0.00    0.0
2428 186308.000   54.987873267   82.871516518    85.8018   2  12   1.0398   2.0470   1.5451   0.9319   0.7032  -0.6566   0.00    0.0
2428 186309.000   54.987874928   82.871482738    85.1370   2  14   1.0388   2.0471   1.5440   0.9318   0.7021  -0.6520   0.00    0.0
2428 186310.000   54.987874143   82.871467478    85.1354   2  14   1.0386   2.0471   1.5440   0.9316   0.7025  -0.6516   0.00    0.0
2428 186311.000   54.987873903   82.871462066    85.1394   2  14   1.0385   2.0471   1.5439   0.9315   0.7027  -0.6512   0.00    0.0
2428 186312.000   54.987871205   82.871458899    85.6709   2  14   1.0383   2.0471   1.5440   0.9307   0.7045  -0.6506   0.00    0.0
2428 186313.000   54.987873063   82.871446019    85.1839   2  14   1.0374   2.0472   1.5459   0.9308   0.7031  -0.6460   0.00    0.0
2428 186314.000   54.987871888   82.871419817    85.1265   2  14   1.0372   2.0472   1.5463   0.9305   0.7039  -0.6454   0.00    0.0
2428 186315.000   54.987869909   82.871377897    85.0791   2  14   1.0364   2.0471   1.5508   0.9297   0.7081  -0.6415   0.00    0.0
2428 186316.000   54.987867858   82.871329145    84.9166   2  14   1.0363   2.0472   1.5508   0.9295   0.7086  -0.6411   0.00    0.0
2428 186317.000   54.987865274   82.871276721    84.8852   2  15   1.0361   2.0472   1.5508   0.9293   0.7092  -0.6406   0.00    0.0
2428 186318.000   54.987863242   82.871225323    84.7085   2  15   1.0356   2.0475   1.5512   0.9283   0.7123  -0.6396   0.00    0.0
2428 186319.000   54.987861233   82.871184300    84.7055   2  15   1.0355   2.0475   1.5512   0.9282   0.7126  -0.6392   0.00    0.0
2428 186320.000   54.987859889   82.871155512    84.6531   2  15   1.0353   2.0475   1.5511   0.9280   0.7129  -0.6388   0.00    0.0
2428 186321.000   54.987859331   82.871140932    84.6085   2  16   1.0352   2.0475   1.5510   0.9278   0.7132  -0.6384   0.00    0.0
2428 186322.000   54.987858879   82.871131148    84.6180   2  16   1.0351   2.0475   1.5509   0.9276   0.7135  -0.6380   0.00    0.0
2428 186323.000   54.987858207   82.871115375    84.5987   2  15   1.0347   2.0476   1.5511   0.9270   0.7155  -0.6372   0.00    0.0
2428 186324.000   54.987857334   82.871093693    84.5600   2  15   1.0346   2.0476   1.5510   0.9269   0.7156  -0.6368   0.00    0.0
2428 186325.000   54.987856523   82.871074733    84.5182   2  16   1.0344   2.0476   1.5479   0.9267   0.7161  -0.6350   0.00    0.0
2428 186326.000   54.987856152   82.871066685    84.4908   2  16   1.0343   2.0476   1.5480   0.9266   0.7162  -0.6348   0.00    0.0
2428 186327.000   54.987855574   82.871053528    84.4735   2  16   1.0343   2.0476   1.5481   0.9265   0.7162  -0.6345   0.00    0.0
2428 186328.000   54.987855243   82.871045448    84.4532   2  16   1.0342   2.0475   1.5483   0.9264   0.7163  -0.6342   0.00    0.0
2428 186329.000   54.987855204   82.871045326    84.4743   2  16   1.0341   2.0475   1.5484   0.9263   0.7164  -0.6339   0.00    0.0
2428 186330.000   54.987855151   82.871045258    84.5012   2  16   1.0340   2.0475   1.5486   0.9262   0.7164  -0.6336   0.00    0.0
2428 186331.000   54.987855068   82.871043292    84.5122   2  16   1.0339   2.0475   1.5487   0.9261   0.7165  -0.6333   0.00    0.0
2428 186332.000   54.987854338   82.871028786    84.5033   2  16   1.0339   2.0475   1.5488   0.9259   0.7166  -0.6331   0.00    0.0
2428 186333.000   54.987852564   82.870987696    84.4656   2  16   1.0338   2.0475   1.5490   0.9258   0.7166  -0.6328   0.00    0.0
2428 186334.000   54.987849742   82.870931506    84.4383   2  16   1.0337   2.0475   1.5491   0.9257   0.7167  -0.6325   0.00    0.0
2428 186335.000   54.987846384   82.870864488    84.3315   2  16   1.0336   2.0474   1.5492   0.9256   0.7168  -0.6322   0.00    0.0
2428 186336.000   54.987842991   82.870788377    84.3595   2  16   1.0336   2.0474   1.5494   0.9255   0.7168  -0.6319   0.00    0.0
2428 186337.000   54.987840667   82.870706393    84.4137   2  16   1.0335   2.0474   1.5495   0.9254   0.7169  -0.6316   0.00    0.0
2428 186338.000   54.987838990   82.870618778    84.4833   2  16   1.0334   2.0474   1.5496   0.9253   0.7170  -0.6313   0.00    0.0
2428 186339.000   54.987836445   82.870519578    84.4212   2  16   1.0333   2.0474   1.5498   0.9251   0.7171  -0.6311   0.00    0.0
2428 186340.000   54.987832505   82.870408497    84.4266   2  17   1.0331   2.0479   1.5499   0.9249   0.7175  -0.6310   0.00    0.0
2428 186341.000   54.987828003   82.870287422    84.0486   2  17   1.0326   2.0479   1.5500   0.9238   0.7223  -0.6294   0.00    0.0
2428 186342.000   54.987821560   82.870156199    83.8600   2  15   1.0325   2.0479   1.5499   0.9237   0.7225  -0.6291   0.00    0.0
2428 186343.000   54.987813861   82.870016983    83.6800   2  15   1.0324   2.0485   1.5509   0.9221   0.7259  -0.6295   0.00    0.0
2428 186344.000   54.987805250   82.869871957    83.5329   2  15   1.0322   2.0487   1.5510   0.9217   0.7269  -0.6291   0.00    0.0
2428 186345.000   54.987795858   82.869725767    83.2845   2  15   1.0321   2.0487   1.5518   0.9212   0.7287  -0.6289   0.00    0.0
2428 186346.000   54.987788528   82.869575762    83.0293   2  14   1.0319   2.0487   1.5518   0.9210   0.7292  -0.6284   0.00    0.0
2428 186347.000   54.987782533   82.869417162    82.8727   2  14   1.0312   2.0486   1.5608   0.9202   0.7341  -0.6257   0.00    0.0
2428 186348.000   54.987777185   82.869251948    82.6894   2  15   1.0310   2.0486   1.5611   0.9199   0.7348  -0.6251   0.00    0.0
2428 186349.000   54.987771592   82.869082877    82.4472   2  15   1.0308   2.0486   1.5615   0.9197   0.7354  -0.6244   0.00    0.0
2428 186350.000   54.987670988   82.869205234   141.4051   2  13   7.3382   5.2538  33.7887   4.3654  -8.0289 -11.4044   0.00    0.0
2428 186351.000   54.987662908   82.869030077   141.3916   2  12   7.3367   5.2530  33.7783   4.3633  -8.0231 -11.3959   0.00    0.0
2428 186352.000   54.987653473   82.868851664   141.1672   2  13   7.3374   5.2521  33.7620   4.3623  -8.0162 -11.3933   0.00    0.0
2428 186353.000   54.987645090   82.868671542   140.8882   2  13   7.3361   5.2513  33.7527   4.3601  -8.0106 -11.3835   0.00    0.0
2428 186354.000   54.987636019   82.868491565   140.6967   2  13   7.3353   5.2498  33.7353   4.3569  -7.9997 -11.3726   0.00    0.0
2428 186355.000   54.987627126   82.868310385   140.5834   2  13   7.3341   5.2488  33.7266   4.3543  -7.9934 -11.3626   0.00    0.0
2428 186356.000   54.987618720   82.868128203   140.3298   2  14   7.3329   5.2479  33.7177   4.3518  -7.9871 -11.3525   0.00    0.0
2428 186357.000   54.987610704   82.867946496   139.7434   2  14   7.3329   5.2469  33.7242   4.3492  -7.9803 -11.3505   0.00    0.0
2428 186358.000   54.987601379   82.867763980   139.3202   2  10   7.3116   5.2424  33.5889   4.3329  -7.9375 -11.2595   0.00    0.0
2428 186359.000   54.987591196   82.867578805   139.8543   2   9   7.3053   5.2407  33.5534   4.3271  -7.9227 -11.2314   0.00    0.0
2428 186360.000   54.987607237   82.867393273   129.3277   2   8  52.0722   5.1969 205.3744   4.6497  -8.6477 -102.8220   0.00    0.0
2428 186361.000   54.987628076   82.867208043   115.6111   2   7  57.9689   6.4063 230.3760 -10.3789 -22.1562 -74.1866   0.00    0.0
2428 186362.000   54.987584662   82.867026171   118.7151   2   8  17.9073   5.6557 225.1843   7.4248 -23.7237 -61.3854   0.00    0.0
2428 186363.000   54.987603561   82.866845142    78.2085   2  12   8.5952   4.5830 101.3484  -3.6969  19.2784 -24.4322   0.00    0.0
2428 186364.000   54.987595174   82.866671460   112.7796   2   8  26.9696  20.5517 162.0593 -22.8446 -26.2231  33.9385   0.00    0.0
2428 186365.000   54.987587040   82.866490527   108.2567   2   6  27.5563  20.7687 165.8923 -23.2407 -32.0405  39.9845   0.00    0.0
2428 186366.000   54.987579713   82.866308864   106.2382   2   7  26.8147  20.0649 150.8389 -22.4893 -34.4927  42.0622   0.00    0.0
2428 186367.000   54.987549094   82.866168069   129.9516   2   9   7.5394   2.5503  29.0307   1.6335  -2.4635 -13.8317   0.00    0.0
2428 186368.000   54.987540195   82.865990729   131.2265   2  13   7.5329   2.5443  29.0233   1.6507  -2.4314 -13.8421   0.00    0.0
2428 186369.000   54.987530125   82.865816303   130.7925   2  13   7.5335   2.5442  29.0216   1.6464  -2.4198 -13.8421   0.00    0.0
2428 186370.000   54.987520041   82.865642926   130.5571   2  13   7.5349   2.5441  29.0212   1.6422  -2.4087 -13.8433   0.00    0.0
2428 186371.000   54.987509764   82.865472005   129.9007   2  12   7.5361   2.5440  29.0112   1.6362  -2.3931 -13.8412   0.00    0.0
2428 186372.000   54.987499855   82.865303891   129.6870   2  12   7.5358   2.5438  29.0201   1.6290  -2.3729 -13.8426   0.00    0.0
2428 186373.000   54.987489720   82.865143061   129.3179   2  11   7.5332   2.5436  29.0146   1.6227  -2.3557 -13.8377   0.00    0.0
2428 186374.000   54.987480615   82.865002210   129.3188   2  13   7.5383   2.5437  29.0508   1.6206  -2.3487 -13.8528   0.00    0.0
2428 186375.000   54.987487881   82.864865292   121.4709   2   9  13.8797  11.1930  61.1982 -11.1697  24.1463 -28.6279   0.00    0.0
2428 186376.000   54.987487791   82.864764448   117.9304   2   9  14.3096  11.5933  63.2682 -11.6311  25.1301 -29.5873   0.00    0.0
2428 186377.000   54.987531350   82.864730743    96.2025   2   6  61.8876  30.2837 224.6440  40.3686 -75.8145 -117.7283   0.00    0.0
2428 186378.000   54.987519337   82.864710476    94.8659   2   6  51.9981  26.7661 188.6290  34.1192 -63.7358 -98.8245   0.00    0.0
2428 186379.000   54.987409323   82.864735577    66.9639   2   4 196.9712  62.5049 644.0367 -92.7852 -196.5974 314.3115   0.00    0.0
2428 186380.000   54.987533213   82.864699794    78.5735   2   6   4.3694   2.5432   6.7658   1.4484  -1.9876  -4.2017   0.00    0.0
2428 186381.000   54.987528147   82.864697906    78.6684   2  10   4.3676   2.5435   6.7621   1.4478  -1.9864  -4.1976   0.00    0.0
2428 186382.000   54.987527483   82.864697564    78.6972   2  10   4.3679   2.5435   6.7615   1.4471  -1.9860  -4.1971   0.00    0.0
2428 186383.000   54.987527531   82.864697557    78.6748   2  10   4.3686   2.5434   6.7479   1.4465  -1.9833  -4.1967   0.00    0.0
2428 186384.000   54.987527550   82.864697544    78.6836   2  10   4.3689   2.5435   6.7482   1.4458  -1.9831  -4.1962   0.00    0.0
2428 186385.000   54.987527598   82.864697515    78.7158   2  11   4.3648   2.5434   6.7493   1.4460  -1.9823  -4.1981   0.00    0.0
2428 186386.000   54.987527675   82.864697472    78.7546   2  12   4.3661   2.5439   6.7524   1.4467  -1.9850  -4.1993   0.00    0.0
2428 186387.000   54.987527646   82.864697434    78.7604   2  12   4.3668   2.5438   6.7525   1.4457  -1.9846  -4.1985   0.00    0.0
2428 186388.000   54.987527638   82.864697448    78.7419   2  12   4.3674   2.5438   6.7524   1.4448  -1.9841  -4.1976   0.00    0.0
2428 186389.000   54.987527614   82.864697478    78.7202   2  12   4.3680   2.5438   6.7524   1.4438  -1.9837  -4.1968   0.00    0.0
2428 186390.000   54.987527660   82.864697452    78.7274   2  12   4.3686   2.5438   6.7524   1.4428  -1.9832  -4.1959   0.00    0.0
2428 186391.000   54.987527633   82.864697424    78.7417   2  12   4.3692   2.5438   6.7524   1.4419  -1.9828  -4.1951   0.00    0.0
2428 186392.000   54.987527604   82.864697405    78.7535   2  12   4.3699   2.5437   6.7524   1.4409  -1.9823  -4.1943   0.00    0.0
2428 186393.000   54.987527480   82.864697364    78.7398   2  12   4.3705   2.5437   6.7524   1.4400  -1.9819  -4.1934   0.00    0.0
2428 186394.000   54.987527517   82.864697428    78.7349   2  12   4.3711   2.5437   6.7524   1.4390  -1.9815  -4.1926   0.00    0.0
2428 186395.000   54.987527531   82.864697314    78.7626   2  12   4.3717   2.5437   6.7524   1.4381  -1.9811  -4.1918   0.00    0.0
2428 186396.000   54.987527733   82.864697329    78.7832   2  13   4.3746   2.5437   6.7508   1.4369  -1.9809  -4.1903   0.00    0.0
2428 186397.000   54.987527654   82.864697321    78.7907   2  13   4.3748   2.5437   6.7511   1.4361  -1.9804  -4.1897   0.00    0.0
2428 186398.000   54.987527710   82.864697271    78.8002   2  13   4.3751   2.5437   6.7513   1.4352  -1.9800  -4.1890   0.00    0.0
2428 186399.000   54.987527704   82.864697270    78.8100   2  13   4.3753   2.5437   6.7515   1.4343  -1.9795  -4.1884   0.00    0.0
2428 186400.000   54.987527658   82.864697309    78.8027   2  14   4.3759   2.5436   6.7516   1.4334  -1.9791  -4.1878   0.00    0.0
2428 186401.000   54.987527674   82.864697310    78.7940   2  14   4.3760   2.5436   6.7519   1.4325  -1.9786  -4.1871   0.00    0.0
2428 186402.000   54.987527670   82.864697344    78.7920   2  14   4.3761   2.5436   6.7521   1.4316  -1.9780  -4.1864   0.00    0.0
2428 186403.000   54.987527696   82.864697304    78.8103   2  14   4.3761   2.5436   6.7522   1.4307  -1.9775  -4.1856   0.00    0.0
2428 186404.000   54.987527754   82.864697437    78.7718   2  14   4.3761   2.5436   6.7521   1.4298  -1.9765  -4.1849   0.00    0.0
2428 186405.000   54.987527798   82.864697487    78.7949   2  14   4.3768   2.5436   6.7522   1.4289  -1.9761  -4.1843   0.00    0.0
2428 186406.000   54.987528116   82.864697636    78.6620   2  14   4.3768   2.5435   6.7373   1.4272  -1.9721  -4.1800   0.00    0.0
2428 186407.000   54.987528094   82.864697572    78.6916   2  14   4.3770   2.5435   6.7374   1.4263  -1.9715  -4.1793   0.00    0.0
2428 186408.000   54.987528029   82.864697529    78.6967   2  14   4.3773   2.5434   6.7373   1.4254  -1.9709  -4.1786   0.00    0.0
2428 186409.000   54.987527999   82.864697540    78.7010   2  14   4.3776   2.5434   6.7372   1.4244  -1.9703  -4.1778   0.00    0.0
% postls : postls float kinematic-window: epochs=540 windows=9 failed=0 dt=30.0
